Frame: 3
4 1073 1370 1090 1398
9 1074 1369 1089 1396
Frame: 4
4 1073 1370 1090 1398
9 1074 1369 1090 1396
Frame: 5
4 1073 1369 1090 1398
9 1074 1369 1091 1398
16 1087 966 1100 988
23 1089 966 1100 988
Frame: 6
4 1073 1369 1090 1398
9 1074 1369 1091 1398
16 1088 967 1100 989
23 1088 962 1101 987
Frame: 7
16 1090 964 1103 986
23 1090 964 1102 986
Frame: 8
16 1090 963 1104 987
23 1091 963 1104 988
Frame: 9
4 1078 1369 1089 1387
16 1091 963 1105 987
23 1092 962 1105 988
Frame: 10
4 1076 1367 1087 1386
9 1076 1367 1088 1387
16 1091 963 1106 989
23 1092 963 1106 990
54 1076 1424 1091 1441
Frame: 11
4 1076 1367 1087 1384
9 1076 1367 1087 1386
16 1091 960 1107 988
23 1092 960 1106 987
54 1076 1424 1090 1440
Frame: 12
16 1092 959 1108 988
23 1092 960 1107 987
54 1076 1425 1091 1442
60 1077 1426 1090 1441
Frame: 13
4 1077 1366 1088 1385
16 1092 959 1106 984
23 1092 959 1106 984
54 1076 1426 1091 1443
60 1078 1427 1089 1440
64 1158 133 1173 158
Frame: 14
4 1077 1366 1088 1384
16 1092 958 1107 983
23 1093 958 1106 983
60 1079 1428 1088 1439
64 1157 132 1173 158
Frame: 15
16 1092 962 1106 987
23 1092 962 1106 987
54 1077 1423 1090 1439
Frame: 16
16 1092 963 1107 989
23 1092 962 1107 989
54 1077 1425 1089 1439
Frame: 17
16 1093 963 1107 989
23 1092 962 1107 990
54 1077 1425 1089 1439
74 1094 1686 1109 1719
Frame: 18
54 1077 1423 1090 1439
74 1094 1685 1110 1720
Frame: 19
54 1076 1422 1089 1438
Frame: 20
54 1076 1421 1089 1437
93 1078 1537 1092 1560
Frame: 21
54 1076 1421 1090 1438
64 1157 131 1172 156
93 1079 1538 1092 1559
96 1140 505 1153 528
97 1140 505 1153 528
100 1095 1648 1108 1676
Frame: 22
54 1078 1422 1090 1437
64 1157 131 1172 156
74 1095 1684 1108 1714
93 1079 1538 1092 1558
96 1140 503 1153 527
97 1140 503 1153 527
100 1095 1648 1109 1679
Frame: 23
16 1093 956 1108 983
23 1093 956 1108 984
54 1078 1421 1090 1437
64 1158 127 1174 154
74 1097 1693 1106 1711
96 1140 503 1153 526
97 1141 503 1153 526
Frame: 24
4 1076 1374 1089 1394
9 1077 1374 1088 1394
16 1093 956 1108 983
23 1094 955 1109 982
64 1160 127 1175 152
74 1098 1693 1106 1710
Frame: 25
4 1076 1375 1089 1395
9 1077 1375 1088 1395
16 1094 956 1108 982
23 1094 955 1109 982
54 1079 1418 1091 1433
64 1160 127 1174 151
Frame: 26
54 1080 1417 1092 1432
64 1160 126 1174 151
Frame: 27
16 1094 955 1107 979
23 1094 954 1107 979
54 1080 1416 1093 1432
64 1159 126 1173 150
Frame: 28
16 1094 954 1108 978
23 1094 954 1108 978
64 1159 126 1173 150
Frame: 29
54 1079 1415 1093 1433
64 1156 121 1172 147
93 1081 1532 1096 1555
Frame: 30
54 1078 1414 1093 1434
64 1156 120 1171 147
93 1082 1531 1096 1554
100 1095 1640 1109 1669
Frame: 31
54 1078 1413 1094 1433
64 1154 121 1168 145
93 1080 1529 1094 1552
100 1095 1640 1109 1669
Frame: 32
54 1079 1412 1092 1430
60 1078 1412 1093 1429
64 1154 120 1167 144
93 1080 1528 1094 1551
Frame: 33
54 1079 1412 1093 1429
60 1078 1411 1093 1428
93 1081 1525 1096 1549
Frame: 34
54 1079 1409 1094 1428
60 1079 1409 1094 1428
93 1081 1524 1096 1548
Frame: 35
54 1079 1409 1094 1428
60 1079 1409 1094 1427
74 1097 1694 1106 1713
93 1081 1524 1096 1551
100 1096 1638 1109 1667
Frame: 36
64 1156 122 1169 145
74 1097 1694 1106 1713
93 1081 1524 1097 1550
100 1096 1638 1110 1666
Frame: 37
64 1155 121 1169 144
Frame: 38
64 1155 120 1168 144
Frame: 39
64 1155 118 1168 143
Frame: 40
64 1154 118 1168 143
Frame: 41
16 1095 946 1110 971
23 1094 946 1109 971
93 1079 1522 1096 1550
Frame: 42
16 1095 945 1110 971
23 1094 945 1109 971
93 1079 1522 1096 1550
96 1142 487 1155 510
Frame: 43
16 1095 943 1109 969
23 1094 943 1109 969
93 1082 1523 1097 1548
96 1142 486 1155 509
Frame: 44
16 1095 943 1109 968
23 1094 943 1109 968
74 1094 1690 1105 1710
93 1082 1522 1097 1548
100 1093 1634 1106 1661
Frame: 45
74 1094 1690 1105 1710
100 1093 1634 1106 1660
Frame: 47
54 1078 1397 1093 1416
Frame: 48
54 1078 1396 1093 1415
Frame: 51
16 1096 937 1111 964
23 1096 937 1111 964
Frame: 52
16 1096 936 1111 964
23 1096 936 1112 964
93 1084 1519 1097 1542
100 1097 1623 1110 1650
Frame: 53
74 1096 1677 1108 1699
93 1085 1511 1099 1536
100 1097 1622 1110 1649
Frame: 54
16 1097 931 1113 960
23 1097 931 1113 960
74 1096 1676 1109 1699
93 1085 1510 1100 1535
Frame: 55
16 1098 931 1113 957
23 1098 931 1113 957
Frame: 56
16 1099 930 1113 956
23 1099 930 1113 956
