Frame: 3
1 717 622 726 634
2 707 455 720 484
3 678 70 691 91
4 709 376 720 405
5 709 540 724 571
6 678 189 691 221
7 698 362 708 381
8 708 490 723 518
9 717 622 726 634
10 706 455 720 484
11 708 399 721 407
12 722 673 735 700
13 709 540 724 571
14 743 1009 754 1026
15 737 951 752 978
16 707 845 720 867
17 725 643 736 667
18 728 850 737 873
19 708 490 723 518
20 720 830 731 847
22 715 1004 730 1027
24 751 1348 758 1372
25 733 1174 744 1195
26 706 845 721 867
27 728 850 737 873
28 737 951 750 979
29 736 1043 745 1055
30 720 830 731 847
32 744 1010 753 1025
34 744 1293 753 1324
36 742 1404 753 1435
37 715 1005 728 1027
39 776 1828 785 1840
40 750 1348 759 1372
41 757 1522 768 1550
42 743 1200 755 1210
43 777 1729 788 1745
45 744 1293 753 1324
46 772 1615 787 1642
47 767 1547 776 1571
51 775 1829 786 1859
52 777 1689 788 1711
53 770 1718 779 1741
Frame: 4
1 717 622 726 634
2 706 453 720 485
3 678 70 691 92
4 710 377 721 404
5 709 540 725 572
6 678 189 691 221
7 699 363 709 382
8 708 490 724 519
9 717 622 726 634
10 705 453 720 485
11 708 399 721 407
12 723 674 735 699
13 710 540 725 572
14 744 1009 753 1024
15 737 953 751 979
16 706 846 720 868
17 725 645 736 666
18 729 854 736 872
19 708 490 724 519
20 720 831 731 848
22 715 1005 730 1028
24 751 1352 758 1371
25 733 1176 744 1195
26 705 846 720 868
27 729 854 736 872
28 737 953 750 979
29 736 1043 745 1055
30 720 830 731 848
32 744 1010 753 1024
34 744 1298 751 1322
36 742 1404 754 1435
37 716 1007 729 1028
39 776 1828 785 1839
40 751 1347 759 1371
41 758 1520 769 1550
42 742 1200 754 1210
43 777 1729 788 1746
45 744 1298 751 1322
46 773 1620 786 1643
47 767 1546 776 1570
51 774 1829 787 1860
52 777 1690 788 1711
53 770 1717 779 1741
54 761 1535 768 1550
55 746 1199 757 1208
57 779 1778 789 1803
Frame: 5
1 716 620 727 633
2 706 451 721 484
3 677 70 692 92
4 709 377 720 404
5 710 539 725 571
6 678 189 691 222
7 699 362 709 381
8 709 490 724 517
9 716 620 727 634
10 705 452 721 484
12 721 669 733 693
13 710 539 725 571
14 744 1010 753 1026
15 736 953 751 980
16 705 846 720 868
17 725 642 736 666
18 727 851 738 874
19 709 490 724 517
20 720 831 731 849
22 715 1006 730 1029
24 752 1354 757 1371
25 733 1175 744 1196
26 705 846 720 868
27 727 851 738 874
28 737 953 750 980
29 736 1043 745 1055
30 720 831 731 850
32 744 1009 753 1025
34 744 1300 751 1322
36 743 1404 754 1435
37 716 1008 729 1029
39 775 1828 784 1840
40 751 1345 760 1372
41 757 1519 769 1550
42 741 1200 754 1210
43 777 1729 788 1747
45 745 1300 751 1322
46 773 1620 786 1643
47 767 1545 777 1571
51 774 1829 786 1860
52 776 1690 788 1712
53 770 1715 779 1741
54 762 1536 768 1550
55 746 1199 757 1208
57 778 1778 790 1808
67 749 1458 760 1481
69 770 1745 779 1766
Frame: 6
1 715 619 728 634
2 706 451 721 484
3 678 70 691 93
4 709 375 720 404
5 710 539 725 570
6 678 188 691 221
7 699 363 709 382
8 709 490 724 517
9 716 619 727 634
10 706 451 721 484
12 721 665 732 688
13 710 539 725 570
14 744 1010 753 1026
15 737 952 752 980
16 705 845 720 868
17 726 647 735 667
18 727 848 738 873
19 709 490 724 517
20 719 830 730 849
22 715 1007 730 1030
25 733 1175 744 1196
26 705 845 720 868
27 727 848 738 873
28 737 953 751 981
30 719 830 730 849
32 744 1010 754 1026
37 716 1009 729 1030
39 776 1828 785 1840
40 751 1345 760 1372
41 757 1519 769 1551
42 741 1199 755 1210
43 777 1729 788 1747
46 773 1620 786 1643
47 767 1546 777 1571
51 773 1829 786 1860
52 776 1689 788 1711
53 769 1716 779 1742
55 745 1199 756 1209
57 779 1778 791 1809
67 749 1458 760 1481
69 770 1746 779 1767
74 781 1759 790 1775
77 781 1733 791 1753
82 751 1344 760 1373
83 745 1062 754 1083
84 728 800 742 825
Frame: 7
1 716 620 728 634
2 707 451 721 484
3 679 70 692 92
4 710 376 721 404
5 711 539 726 570
6 678 188 692 222
7 700 363 710 382
8 709 490 724 518
9 716 620 728 635
10 707 451 722 483
12 722 665 731 685
13 711 539 726 570
14 745 1010 754 1025
15 737 951 753 980
16 707 845 721 868
17 726 644 738 667
18 728 848 739 874
19 710 490 725 518
20 719 830 731 849
22 715 1008 730 1031
25 734 1175 745 1196
26 706 845 721 868
27 728 848 739 874
28 738 952 752 981
30 720 830 731 849
32 746 1011 754 1026
37 716 1010 729 1031
39 777 1828 786 1839
40 751 1344 761 1373
41 757 1519 769 1551
42 741 1199 754 1210
43 778 1728 790 1747
47 767 1546 778 1572
51 775 1829 787 1859
52 777 1689 790 1712
53 769 1716 779 1743
55 746 1199 757 1209
57 780 1783 790 1808
69 769 1745 780 1767
74 781 1759 790 1775
77 782 1733 792 1753
82 751 1344 760 1373
83 745 1062 754 1083
84 729 801 743 824
90 677 2 691 27
91 696 282 712 306
Frame: 8
1 717 620 728 634
2 707 452 721 483
3 679 70 692 92
4 710 376 721 404
5 710 539 726 570
6 679 188 692 221
7 700 363 710 383
8 710 489 724 514
9 717 620 728 635
10 707 452 722 483
12 722 663 731 683
13 710 539 725 570
14 745 1010 754 1025
15 738 952 753 980
16 707 846 721 868
17 725 643 736 667
18 729 851 739 875
19 711 488 724 513
20 720 830 731 850
22 716 1008 731 1030
25 734 1175 745 1197
26 706 846 722 868
27 729 851 739 875
28 738 952 753 981
30 720 830 731 850
32 745 1010 754 1025
37 716 1007 730 1030
39 777 1828 786 1839
40 751 1344 761 1373
41 757 1519 770 1551
42 742 1199 755 1210
43 779 1730 790 1747
47 766 1546 777 1573
51 775 1829 787 1858
52 778 1690 791 1713
53 769 1717 780 1744
55 746 1199 757 1209
57 782 1790 790 1810
82 752 1344 761 1373
83 746 1062 757 1086
84 730 800 745 825
90 678 3 691 27
91 696 284 712 308
95 758 1450 768 1469
97 728 1019 741 1037
99 729 1019 741 1038
Frame: 9
1 717 620 728 635
2 707 451 722 486
3 679 70 692 92
4 710 376 721 404
5 710 539 725 570
6 678 187 692 220
7 700 363 710 382
8 711 490 724 513
9 717 620 728 635
10 707 452 722 485
13 710 539 725 570
14 745 1009 754 1024
15 738 952 753 981
16 707 846 722 868
17 726 643 738 668
18 728 849 739 876
19 711 489 724 513
20 720 830 731 850
22 716 1009 731 1031
25 734 1174 746 1197
26 707 846 722 868
27 728 849 739 876
28 739 952 753 981
30 720 830 731 850
32 746 1011 755 1025
37 716 1007 730 1030
39 777 1828 786 1839
40 751 1345 760 1372
41 757 1519 770 1550
42 742 1199 755 1210
43 778 1728 791 1746
47 766 1546 777 1573
51 776 1830 787 1858
52 777 1689 791 1713
53 770 1716 779 1741
55 746 1199 757 1208
57 782 1793 789 1811
82 752 1345 760 1372
83 746 1063 757 1087
84 731 800 746 825
90 677 3 692 28
91 696 285 711 307
95 758 1450 768 1469
97 729 1018 742 1037
99 729 1018 740 1037
102 759 1497 774 1519
104 770 1868 792 1919
105 683 235 697 259
108 750 1116 759 1131
Frame: 10
1 717 620 728 635
2 707 452 722 486
3 679 70 692 92
4 710 375 721 404
5 710 540 725 571
6 678 187 692 220
7 701 363 710 382
8 711 490 725 516
9 717 620 728 635
10 706 452 722 486
13 711 540 726 571
14 745 1010 754 1026
15 738 952 753 981
16 707 846 722 868
17 725 642 738 667
18 728 849 739 876
19 711 490 724 514
20 720 830 731 850
22 716 1008 731 1031
25 734 1174 746 1197
26 707 846 722 868
27 728 849 739 876
28 739 953 752 980
30 720 830 731 850
32 745 1010 754 1025
37 715 1006 730 1031
39 778 1829 786 1839
40 751 1345 760 1372
41 758 1522 769 1550
42 742 1199 755 1210
43 779 1728 791 1747
47 766 1547 777 1572
51 775 1831 787 1859
52 777 1688 790 1712
53 769 1715 780 1741
55 746 1199 757 1209
57 782 1795 789 1812
69 770 1746 779 1767
82 751 1345 760 1372
83 746 1062 757 1086
84 730 800 744 825
90 677 2 692 29
91 695 283 711 307
95 757 1450 768 1470
97 728 1019 741 1037
99 729 1019 740 1037
102 758 1495 774 1519
104 770 1867 792 1918
105 682 236 697 260
108 750 1116 759 1131
110 722 668 735 693
Frame: 11
1 718 620 729 635
2 707 453 722 485
3 680 70 693 91
4 710 373 721 403
5 711 541 726 571
6 678 187 692 220
7 700 364 710 382
8 711 491 724 516
9 718 620 729 635
10 707 452 722 486
13 711 541 726 571
14 745 1011 754 1026
15 739 954 753 981
16 707 846 722 868
17 725 643 738 668
18 729 851 739 875
19 711 491 724 515
20 720 831 731 850
22 716 1009 731 1032
25 734 1175 745 1197
26 707 846 722 868
27 729 850 739 875
28 739 954 752 981
30 720 831 731 850
32 746 1011 755 1026
34 742 1289 753 1324
37 717 1009 730 1031
39 778 1829 786 1839
40 752 1345 761 1371
41 758 1523 769 1551
42 742 1199 755 1210
43 779 1730 790 1747
45 742 1289 753 1324
47 767 1547 778 1572
51 776 1831 787 1857
52 778 1690 791 1713
53 769 1715 780 1741
55 746 1199 757 1209
57 782 1793 789 1810
69 770 1746 779 1766
82 752 1345 760 1371
83 746 1062 757 1086
84 729 800 744 825
90 677 3 692 29
91 695 283 711 307
95 757 1451 768 1471
97 728 1020 741 1037
99 729 1020 740 1037
102 759 1496 774 1519
104 770 1867 791 1917
108 750 1116 759 1131
110 723 669 734 692
115 781 1782 790 1804
119 734 1064 745 1081
Frame: 12
1 718 622 729 635
2 708 454 722 486
3 681 71 692 91
4 711 377 721 404
5 711 541 727 572
6 679 189 693 222
7 701 364 710 383
8 711 491 724 516
9 719 622 728 635
10 707 454 722 486
11 711 399 722 406
13 712 541 727 572
14 746 1012 755 1027
15 739 954 752 980
16 708 847 721 868
17 725 642 738 668
18 730 851 739 875
19 712 491 725 515
20 721 832 731 850
22 717 1009 731 1031
25 735 1177 746 1197
26 707 847 722 868
27 729 850 739 875
28 740 954 752 980
29 738 1044 747 1055
30 721 832 731 850
32 746 1011 755 1027
34 743 1289 754 1325
36 744 1406 755 1435
37 717 1009 730 1031
40 752 1345 761 1370
41 758 1524 769 1551
43 779 1731 790 1746
45 743 1289 754 1325
46 773 1616 788 1644
47 767 1547 778 1572
51 775 1832 786 1858
52 779 1691 791 1713
53 771 1717 781 1740
55 746 1200 757 1210
57 783 1792 790 1809
67 750 1460 763 1487
69 772 1747 781 1766
82 752 1345 760 1370
83 747 1063 758 1087
84 730 800 744 825
90 677 3 693 31
95 757 1452 767 1472
102 759 1496 773 1519
104 770 1867 791 1916
108 751 1117 758 1130
110 724 670 734 691
115 781 1782 790 1804
119 734 1064 745 1081
Frame: 13
1 718 621 728 634
2 708 454 721 485
3 680 72 691 91
4 710 377 721 404
5 711 541 726 571
6 679 188 693 222
7 700 364 710 383
8 711 491 724 516
9 718 622 728 635
10 707 454 721 485
11 710 399 721 406
13 711 541 726 571
14 745 1012 754 1028
15 739 954 754 982
16 708 847 721 868
17 726 645 737 667
18 729 850 739 875
19 711 491 725 516
20 721 832 731 851
22 717 1010 731 1031
25 734 1177 745 1198
26 708 847 722 868
27 728 849 739 876
28 740 954 753 982
29 739 1044 747 1055
30 721 832 731 851
32 746 1011 755 1027
34 743 1288 754 1325
36 744 1406 755 1435
37 717 1009 731 1032
40 751 1347 759 1370
41 758 1523 769 1550
43 778 1730 790 1747
45 743 1288 754 1325
46 772 1617 787 1645
47 767 1547 778 1572
51 775 1833 786 1859
52 778 1691 791 1714
53 772 1717 781 1740
55 746 1200 757 1210
57 783 1792 790 1809
67 750 1460 763 1488
69 772 1747 781 1765
82 751 1348 759 1370
83 747 1063 758 1087
90 677 4 692 30
95 757 1451 766 1469
97 729 1021 740 1037
99 729 1021 739 1037
102 758 1496 773 1519
105 683 237 696 259
108 750 1117 758 1131
110 723 669 734 690
119 734 1067 743 1082
123 735 1305 743 1331
125 734 1303 743 1330
Frame: 14
1 718 621 728 634
2 708 456 721 485
3 681 72 691 90
4 710 377 721 404
5 711 543 726 571
6 679 191 692 221
7 700 364 710 383
8 711 491 724 516
9 718 621 728 634
10 708 455 721 484
11 711 399 722 406
13 711 542 726 571
14 746 1012 755 1027
15 739 953 754 982
17 726 645 737 668
18 729 851 739 875
19 711 491 724 516
20 721 833 731 850
25 734 1177 745 1198
27 729 850 739 875
28 740 953 753 982
30 721 833 731 850
32 745 1012 754 1027
40 751 1347 759 1370
41 758 1524 769 1550
43 778 1730 790 1747
46 773 1618 787 1645
47 768 1546 778 1570
51 776 1834 787 1859
52 778 1690 791 1714
55 746 1199 757 1209
57 782 1796 788 1811
67 751 1462 762 1486
82 752 1347 759 1370
90 677 4 692 30
91 696 285 711 306
95 758 1450 767 1468
97 729 1020 741 1036
99 730 1022 739 1037
102 759 1496 774 1519
104 771 1869 791 1916
105 683 235 697 258
108 750 1117 758 1131
110 724 670 735 691
115 781 1785 789 1805
119 734 1066 743 1081
123 735 1302 744 1330
125 735 1302 744 1330
Frame: 15
1 717 621 728 635
2 708 454 721 484
3 681 73 690 89
4 710 377 721 404
5 712 543 726 571
6 679 192 692 222
7 701 363 710 382
8 711 491 725 516
9 717 621 728 635
10 708 454 721 484
11 712 399 721 406
13 711 543 726 571
14 746 1012 755 1028
15 739 954 754 983
17 726 646 738 670
18 730 851 739 875
19 711 491 725 516
20 722 833 731 850
25 735 1178 746 1198
27 730 851 739 875
28 740 954 753 983
30 722 833 731 850
32 745 1012 754 1028
34 734 1287 746 1327
40 752 1346 760 1369
41 759 1525 769 1550
43 778 1730 791 1747
45 734 1287 746 1327
46 771 1614 787 1643
47 767 1547 778 1571
51 776 1834 787 1859
52 778 1691 791 1714
55 747 1199 757 1208
57 782 1795 790 1812
67 751 1463 762 1487
82 752 1346 760 1369
84 733 800 746 823
90 677 4 692 29
91 696 285 711 306
95 758 1450 767 1467
97 730 1020 741 1036
102 759 1497 774 1519
104 772 1870 791 1915
105 683 236 697 258
108 751 1117 759 1131
110 724 672 735 694
115 781 1786 789 1806
119 734 1066 744 1081
123 736 1303 745 1330
125 736 1303 745 1331
132 741 1082 752 1101
136 706 332 717 353
Frame: 16
1 718 621 729 635
2 710 454 721 480
3 681 73 692 92
4 711 376 721 403
5 713 543 727 571
6 679 190 693 223
7 701 364 710 383
8 711 491 724 516
9 718 621 728 635
10 709 454 721 481
11 712 399 722 406
13 712 542 726 571
15 739 954 754 983
16 707 847 722 870
17 727 645 739 670
18 730 851 739 875
19 711 491 724 516
20 722 833 731 850
22 717 1009 731 1031
25 735 1178 746 1198
26 708 847 723 870
27 730 851 739 875
28 740 954 753 983
30 722 833 731 850
34 733 1287 744 1325
36 745 1408 755 1435
37 717 1009 730 1031
40 753 1346 761 1369
41 759 1526 769 1550
43 779 1730 791 1747
45 734 1291 745 1331
46 771 1614 787 1643
47 768 1547 779 1572
51 776 1835 787 1859
52 778 1691 792 1714
53 771 1716 782 1741
55 746 1199 757 1208
57 783 1796 790 1813
67 751 1463 763 1488
69 772 1747 781 1766
82 753 1346 761 1369
83 747 1064 758 1087
84 733 800 746 823
90 678 4 692 29
95 758 1451 767 1466
102 759 1497 774 1519
104 772 1870 791 1917
108 751 1117 759 1131
110 724 672 735 696
115 780 1783 791 1808
119 735 1066 744 1081
123 736 1305 745 1332
125 736 1305 745 1332
132 741 1082 752 1101
136 707 332 718 354
Frame: 17
1 718 622 729 636
2 710 454 721 478
3 681 73 693 93
4 712 376 722 403
5 713 542 728 571
6 679 189 694 222
7 701 363 711 382
8 711 492 724 514
9 718 621 729 635
10 710 454 721 480
13 713 542 727 571
15 740 954 753 982
16 708 847 722 870
17 727 645 739 669
19 711 492 724 514
20 722 833 731 851
22 717 1008 731 1030
25 736 1177 747 1198
26 708 847 723 870
28 740 954 753 982
30 722 833 732 851
34 734 1288 745 1327
36 746 1409 756 1434
37 717 1009 730 1031
40 753 1345 762 1371
41 761 1527 770 1549
43 779 1730 792 1748
45 734 1289 745 1330
47 768 1546 780 1573
52 779 1691 793 1715
53 771 1715 782 1741
55 745 1199 758 1209
67 751 1463 763 1488
69 772 1747 781 1766
82 753 1346 762 1371
83 748 1064 759 1087
84 732 799 746 822
90 677 4 693 31
95 759 1450 768 1467
102 760 1498 774 1520
104 772 1871 791 1916
110 724 673 736 696
115 781 1781 792 1809
119 735 1067 745 1082
123 735 1300 746 1332
125 735 1300 746 1333
132 742 1083 752 1101
136 708 332 718 353
147 782 1790 790 1813
Frame: 18
1 718 622 729 636
2 709 453 722 481
3 681 72 693 92
4 712 376 722 403
5 713 542 728 571
6 680 190 694 223
7 702 364 711 382
8 711 492 724 514
9 719 621 730 635
10 709 453 722 481
13 713 542 728 571
15 740 953 754 982
16 708 848 722 870
17 727 644 740 669
18 732 853 741 876
19 712 492 725 514
20 722 834 731 851
22 717 1008 732 1030
25 736 1178 747 1198
26 708 848 723 870
27 732 854 741 876
28 740 953 753 982
30 722 834 732 851
34 733 1288 745 1329
37 717 1009 730 1031
40 753 1345 762 1371
41 761 1527 770 1547
43 780 1731 793 1748
45 733 1289 745 1330
46 770 1611 789 1644
47 768 1547 779 1572
52 779 1692 793 1716
53 772 1716 782 1741
55 745 1199 758 1210
67 752 1466 763 1488
69 772 1747 781 1766
82 753 1346 762 1371
83 748 1065 759 1087
84 733 800 746 823
90 678 3 693 29
95 758 1449 768 1468
102 760 1498 775 1520
104 773 1872 790 1910
105 685 236 696 255
110 725 673 736 696
115 780 1781 793 1813
119 735 1067 746 1082
123 735 1299 746 1332
125 735 1299 746 1333
132 741 1082 752 1101
136 709 332 718 351
147 782 1791 790 1814
150 726 902 739 923
155 726 903 739 922
Frame: 19
1 719 621 730 635
2 710 453 723 481
3 683 73 693 92
4 713 376 722 402
5 714 542 729 571
6 681 190 695 223
7 703 364 712 382
8 712 492 725 513
9 719 620 730 635
10 710 452 722 480
12 725 644 736 667
13 713 542 728 571
15 740 954 754 982
17 727 643 740 668
18 733 854 742 876
19 712 492 725 513
20 722 834 732 852
22 717 1007 732 1030
25 736 1178 747 1199
27 733 854 742 877
28 741 954 754 982
30 723 834 733 852
34 733 1287 745 1331
37 718 1009 731 1031
40 754 1346 763 1371
41 762 1526 771 1546
43 780 1730 793 1749
45 733 1287 745 1332
46 770 1610 789 1644
47 769 1546 780 1571
52 779 1692 794 1716
53 772 1714 782 1739
55 745 1199 759 1210
67 752 1464 763 1487
69 773 1746 782 1766
82 754 1346 763 1371
84 733 801 746 824
90 678 3 693 29
95 758 1449 768 1467
104 775 1872 790 1906
105 685 236 696 255
110 725 673 736 695
115 780 1781 793 1814
119 736 1067 746 1083
132 742 1083 752 1101
136 709 332 718 351
150 726 903 740 923
155 727 903 740 923
163 696 309 707 324
Frame: 20
1 719 621 730 635
2 709 453 722 482
3 682 73 693 92
4 713 376 722 402
5 714 543 729 571
6 681 191 696 224
7 702 365 711 383
8 711 493 723 512
9 719 621 730 635
10 710 452 722 479
12 725 642 737 666
13 713 543 728 572
15 741 954 754 982
17 727 643 740 669
18 733 854 742 877
19 711 493 723 512
20 722 834 732 852
22 718 1007 732 1030
25 735 1179 746 1199
27 733 855 742 877
28 741 954 754 983
30 723 834 733 852
34 733 1287 746 1333
37 718 1009 731 1031
40 754 1346 763 1370
41 762 1527 771 1547
43 780 1730 793 1749
45 733 1287 746 1333
47 769 1547 780 1570
52 779 1692 794 1716
53 771 1714 782 1741
55 744 1199 759 1211
67 753 1464 764 1487
69 772 1745 782 1766
82 754 1346 763 1370
83 748 1064 759 1087
84 733 801 746 824
90 678 3 694 31
104 774 1872 791 1909
110 725 674 736 695
115 780 1779 794 1815
119 736 1067 747 1083
132 743 1083 753 1101
136 709 332 718 350
150 726 904 739 923
155 726 904 739 923
163 696 309 707 325
165 731 767 744 802
166 734 1231 745 1252
167 733 1231 744 1251
Frame: 21
1 719 621 730 636
2 709 453 722 482
3 682 73 693 93
4 713 377 722 402
5 714 543 728 572
6 681 189 695 223
7 702 364 711 383
8 712 493 724 513
9 719 621 730 636
10 709 452 722 480
13 713 543 728 572
15 740 954 754 981
17 727 643 739 669
19 712 493 724 513
20 722 835 732 853
22 717 1007 732 1031
25 735 1179 746 1199
28 741 955 754 982
30 722 835 732 853
34 734 1288 746 1332
37 718 1009 731 1031
40 754 1347 763 1370
41 761 1526 771 1547
43 780 1731 793 1749
45 734 1287 746 1332
47 769 1547 780 1570
52 779 1692 794 1716
53 772 1714 783 1742
55 744 1199 759 1211
67 752 1464 764 1488
69 772 1746 781 1766
82 754 1347 763 1370
83 748 1065 759 1088
84 732 800 746 823
90 678 4 695 31
104 774 1872 791 1913
110 725 674 736 695
115 781 1779 794 1812
119 736 1067 746 1082
132 742 1083 752 1100
136 710 333 718 350
150 726 904 739 923
155 726 904 739 923
163 696 310 707 325
165 730 767 744 802
166 734 1231 744 1252
167 733 1231 744 1252
171 732 895 742 912
174 732 895 742 912
Frame: 22
1 720 621 731 636
2 709 452 723 483
3 683 74 694 93
4 714 377 723 402
5 714 543 729 571
6 681 189 696 224
7 703 365 712 382
8 713 493 726 514
9 720 621 731 636
10 710 452 723 482
12 725 643 736 666
13 714 542 729 571
15 741 954 754 981
16 709 847 724 870
17 727 644 739 669
19 713 493 726 514
20 723 835 733 852
22 718 1008 732 1031
25 736 1179 746 1198
26 709 847 724 870
28 741 955 754 981
30 723 835 733 852
34 734 1287 746 1331
37 719 1009 732 1031
40 754 1347 763 1370
41 762 1527 771 1547
43 780 1731 793 1749
45 734 1287 746 1330
47 771 1547 781 1570
52 780 1692 794 1716
53 772 1715 783 1742
55 745 1199 760 1211
67 752 1465 764 1488
69 772 1746 782 1766
82 754 1347 763 1370
83 749 1065 760 1088
84 733 800 746 823
104 774 1873 792 1913
110 726 674 737 695
115 781 1778 795 1811
119 736 1067 746 1082
132 742 1083 752 1100
150 726 904 739 923
155 726 904 739 923
165 730 768 744 803
166 734 1231 745 1252
167 734 1230 745 1251
171 732 894 743 912
174 732 894 743 912
Frame: 23
1 720 622 730 635
2 710 455 723 484
3 683 74 694 92
4 714 378 722 400
5 714 543 729 571
6 682 188 697 223
7 702 365 711 383
8 712 493 725 514
9 720 622 731 635
10 710 456 722 483
12 725 642 736 664
13 714 543 729 571
15 744 954 754 973
16 709 847 724 870
17 728 645 739 668
19 712 493 725 514
20 724 836 733 852
22 718 1008 733 1031
25 736 1180 747 1198
26 709 847 724 870
28 744 954 753 973
30 724 836 733 852
34 735 1290 746 1330
37 719 1009 732 1031
40 754 1348 762 1369
41 761 1522 772 1544
42 747 1199 759 1208
43 780 1731 793 1749
45 734 1290 746 1330
47 770 1547 781 1571
51 777 1836 788 1861
52 780 1692 794 1716
53 772 1715 783 1742
55 745 1199 760 1211
67 753 1465 764 1489
69 773 1746 782 1766
82 754 1348 762 1369
83 749 1065 760 1088
84 733 800 746 823
95 758 1447 769 1465
104 774 1872 791 1912
110 726 673 737 693
115 782 1782 795 1811
119 737 1067 746 1081
132 742 1084 751 1101
136 709 333 717 348
147 782 1780 793 1809
150 726 904 738 923
155 726 904 739 923
163 697 309 708 324
165 730 768 744 803
166 734 1230 745 1252
167 733 1230 744 1251
171 733 893 743 911
174 733 893 743 911
Frame: 24
1 720 623 729 635
2 710 456 723 484
3 684 74 694 91
4 714 381 722 402
5 714 543 728 571
6 682 189 696 222
7 702 365 712 384
8 712 494 725 514
9 720 623 729 634
10 711 458 722 484
13 714 543 728 571
15 745 955 753 972
17 728 647 739 669
19 712 494 725 514
20 724 836 733 852
25 736 1179 747 1198
28 744 954 753 971
30 724 836 733 852
32 748 1014 757 1029
34 734 1289 746 1330
40 754 1349 762 1369
41 761 1523 771 1544
42 748 1199 760 1208
43 780 1731 793 1748
45 734 1290 746 1332
47 770 1547 780 1570
51 777 1835 788 1860
52 780 1693 794 1716
53 772 1716 782 1742
55 745 1199 760 1210
67 752 1465 764 1489
82 754 1349 762 1369
95 758 1446 769 1464
104 774 1872 792 1914
110 726 674 736 693
115 782 1785 793 1811
119 737 1067 746 1080
132 742 1083 751 1100
136 709 333 716 347
147 782 1779 793 1809
150 727 905 738 922
155 727 905 738 922
163 697 310 707 325
166 734 1231 745 1252
167 734 1231 745 1252
171 734 898 742 912
Frame: 25
1 720 623 729 635
2 711 459 722 484
3 684 74 693 91
4 714 382 721 402
5 714 544 728 572
6 682 190 696 223
7 702 365 712 384
8 712 494 725 514
9 720 623 728 634
10 711 461 722 483
13 714 544 728 572
15 746 954 753 969
16 710 847 723 867
17 728 647 739 669
19 712 494 725 514
25 737 1179 747 1198
28 745 954 752 969
32 748 1013 757 1028
34 734 1290 746 1331
40 754 1349 763 1369
41 761 1523 771 1543
43 780 1730 793 1747
45 734 1291 746 1332
47 770 1547 781 1570
51 776 1835 788 1861
52 779 1692 794 1715
53 772 1717 782 1742
55 745 1199 760 1210
67 752 1464 764 1488
82 755 1349 762 1368
84 733 799 746 822
104 774 1872 790 1909
110 726 674 735 692
115 782 1783 794 1812
119 737 1067 746 1080
132 742 1083 751 1100
147 783 1784 792 1811
150 727 905 738 922
155 727 905 738 922
163 696 309 707 324
165 732 768 745 803
166 734 1231 744 1252
167 734 1231 744 1252
171 734 898 741 911
174 734 897 742 911
179 711 455 722 467
180 781 1768 794 1806
181 712 455 721 467
182 745 1120 753 1135
