Frame: 3
1 876 203 895 234
2 872 250 893 267
3 885 499 900 518
4 888 353 905 371
5 868 553 883 580
6 883 394 900 419
7 875 319 894 339
8 861 11 880 32
9 890 470 905 485
10 876 427 893 446
12 830 143 846 161
13 875 441 893 455
14 876 202 895 234
15 872 250 893 267
16 885 499 900 518
17 888 353 905 371
18 868 553 883 580
19 883 394 900 419
20 875 319 894 339
21 890 470 905 485
22 861 11 880 32
23 876 427 893 446
24 830 143 846 161
25 864 599 885 629
26 875 441 893 455
27 888 786 901 806
28 885 499 900 518
29 868 553 883 580
30 898 859 909 879
31 884 399 899 418
32 864 898 880 923
33 855 648 876 668
34 864 935 881 956
35 903 842 914 859
36 896 712 914 729
37 925 775 945 797
38 890 470 905 485
39 869 984 888 1013
41 881 635 898 664
42 876 427 893 446
43 863 599 886 630
44 875 439 893 454
47 888 786 900 806
48 885 499 900 518
49 868 553 883 580
50 898 860 910 878
51 884 400 899 420
52 864 898 880 923
53 855 648 876 668
54 903 842 914 859
55 864 935 881 956
56 895 712 913 729
57 925 775 945 797
58 889 470 904 485
59 869 984 888 1013
61 881 636 898 664
62 876 427 893 446
63 864 600 887 630
64 875 439 893 454
67 898 1207 915 1227
68 887 1156 908 1179
69 898 860 910 878
70 864 898 880 923
71 908 1274 931 1301
72 902 842 915 859
74 868 984 889 1013
76 864 936 881 956
77 898 1207 915 1227
78 887 1156 908 1179
79 897 859 911 879
80 908 1274 931 1301
81 864 898 880 923
82 902 842 915 859
84 868 984 889 1013
86 864 936 881 956
87 899 1207 914 1227
88 908 1274 931 1301
89 940 1582 961 1620
90 899 1207 914 1227
91 908 1274 931 1301
92 940 1582 961 1620
Frame: 4
1 875 202 896 236
2 871 250 894 267
3 885 499 900 518
4 889 353 904 371
5 868 551 883 580
6 883 393 900 419
7 873 317 896 340
8 861 11 880 33
9 889 470 905 485
10 876 426 893 446
12 830 142 845 160
13 874 439 894 455
14 875 202 896 236
15 871 250 894 267
16 885 499 900 518
17 889 353 904 371
18 868 551 883 580
19 883 393 900 419
20 873 317 896 340
21 889 470 905 485
22 861 11 880 33
23 876 426 893 446
24 830 142 845 160
25 864 599 885 629
26 874 439 894 455
27 887 787 900 808
28 885 499 900 518
29 868 551 883 580
30 897 860 909 880
31 884 399 899 419
32 863 896 880 923
33 855 647 876 668
34 864 935 880 955
35 902 841 915 860
36 895 710 915 729
37 926 775 945 797
38 889 470 905 485
39 868 983 889 1014
41 880 635 899 664
42 876 427 893 446
43 862 597 885 628
44 874 437 895 455
47 887 787 900 808
48 885 499 900 518
49 868 551 883 580
50 897 860 910 880
51 884 400 899 420
52 863 896 880 923
53 855 647 876 668
54 902 841 915 860
55 864 935 880 955
56 894 710 914 729
57 926 775 945 797
58 889 470 904 485
59 868 983 889 1014
61 881 636 898 664
62 876 427 893 446
63 863 599 886 629
64 874 437 895 455
67 897 1206 916 1228
68 887 1156 909 1179
69 897 860 910 880
70 862 896 880 924
71 908 1275 931 1301
72 902 841 915 860
74 869 983 890 1014
76 864 936 880 956
77 897 1206 916 1228
78 887 1156 909 1179
79 896 860 911 880
80 908 1275 931 1301
81 862 896 880 924
82 902 841 916 860
84 869 983 890 1014
86 864 936 880 956
87 897 1206 914 1228
88 908 1275 931 1301
89 938 1580 961 1621
90 897 1206 914 1228
91 908 1275 931 1301
92 938 1580 961 1621
94 862 599 886 629
96 868 0 879 10
Frame: 5
1 875 202 896 237
2 871 250 894 268
3 885 499 900 519
4 888 353 904 371
5 868 552 883 580
6 883 393 900 419
7 874 318 895 340
8 861 14 879 34
9 889 469 904 484
10 877 426 892 445
12 830 144 845 161
14 875 202 896 237
15 871 250 894 268
16 885 499 900 519
17 888 353 904 371
18 868 552 883 580
19 883 393 900 419
20 874 318 895 340
21 889 469 904 484
22 861 13 879 34
23 877 426 892 445
24 830 144 845 161
25 863 598 886 629
27 886 789 900 809
28 885 499 900 519
29 868 552 883 580
30 898 860 910 880
31 884 399 899 419
32 863 897 880 923
33 856 648 876 668
34 865 938 879 956
35 903 841 915 860
36 895 711 914 730
37 926 775 945 798
38 889 469 904 484
39 868 983 889 1014
41 880 635 899 664
42 877 427 892 445
43 863 598 886 629
47 887 789 899 809
48 885 499 900 519
49 868 552 883 580
50 898 860 911 880
51 884 400 899 420
52 862 897 880 924
53 855 648 877 668
54 903 841 915 860
55 865 938 879 956
56 895 711 914 730
57 926 775 945 798
58 888 469 904 484
59 868 983 889 1014
61 881 635 898 664
62 877 427 892 445
63 864 599 888 630
67 898 1206 915 1226
68 887 1156 909 1179
69 898 860 911 880
70 863 897 880 924
71 907 1274 930 1301
72 902 842 915 859
74 868 983 890 1014
76 866 939 880 956
77 898 1206 915 1226
78 887 1156 909 1179
79 897 860 911 880
80 907 1274 930 1301
81 863 897 880 924
82 902 842 915 859
84 867 983 889 1014
86 866 939 880 956
87 898 1206 914 1226
88 907 1274 930 1301
89 939 1581 962 1621
90 898 1206 914 1226
91 907 1274 930 1301
92 939 1581 962 1621
94 863 599 888 630
96 868 0 879 11
100 868 0 879 11
101 886 799 901 808
102 886 799 901 808
Frame: 6
1 876 202 896 237
2 872 250 894 268
3 886 499 901 520
4 888 353 904 371
5 868 552 884 581
6 883 393 900 419
7 874 318 895 341
8 862 14 880 35
9 889 469 905 485
10 877 427 893 446
12 830 143 846 162
14 876 202 896 236
15 872 250 894 268
16 886 499 901 520
17 889 353 905 371
18 869 552 884 580
19 883 393 900 419
20 874 318 895 341
21 889 469 905 485
22 862 14 880 34
23 877 427 893 446
24 830 143 846 162
25 864 597 888 630
27 887 788 901 808
28 886 499 901 520
29 868 552 884 581
30 899 861 911 880
31 884 399 899 418
32 863 896 881 925
33 857 648 877 668
34 865 935 881 955
35 903 842 915 859
36 895 711 915 730
37 928 776 946 797
38 889 469 905 485
39 867 983 888 1014
41 881 635 898 665
42 877 427 893 446
43 864 597 888 630
47 888 788 900 808
48 886 499 901 520
49 869 552 884 580
50 898 861 912 880
51 884 399 899 418
52 863 896 881 925
53 857 648 877 669
54 903 842 915 859
55 865 935 881 955
56 895 711 915 730
57 928 776 946 797
58 889 469 905 485
59 868 983 889 1014
61 881 636 898 665
62 877 427 893 446
63 864 598 888 630
67 899 1206 916 1227
68 888 1156 909 1179
69 898 861 912 880
70 863 896 881 925
71 908 1273 932 1301
72 903 842 916 859
74 868 983 889 1014
76 865 935 882 955
77 899 1206 916 1227
78 888 1156 909 1179
79 898 861 912 880
80 908 1273 932 1301
81 863 896 881 925
82 903 842 916 859
84 868 983 889 1014
86 865 935 882 955
87 899 1206 915 1228
88 908 1273 932 1301
89 939 1581 962 1620
90 899 1206 915 1228
91 908 1273 932 1301
92 939 1581 962 1620
94 863 598 888 629
96 869 0 881 11
100 869 0 881 12
101 887 799 900 808
102 887 799 900 808
Frame: 7
1 877 202 897 235
2 872 250 895 269
3 886 498 901 519
4 889 353 905 372
5 868 552 884 581
6 884 394 900 419
7 875 318 895 340
8 863 14 880 35
9 890 469 906 484
10 879 427 894 446
12 830 142 849 164
14 877 202 897 235
15 872 250 895 269
16 886 498 901 519
17 890 353 905 372
18 869 552 884 581
19 884 394 900 419
20 875 318 895 340
21 890 469 906 484
22 863 15 880 35
23 879 427 894 446
24 830 142 849 164
25 865 597 889 631
27 888 789 901 809
28 886 498 901 519
29 869 552 884 581
30 899 860 912 880
31 885 399 899 419
32 864 897 882 924
33 858 648 878 668
34 866 936 882 955
35 905 841 917 860
36 896 711 915 729
37 928 776 947 798
38 890 469 906 484
39 869 983 890 1014
41 881 635 899 665
42 879 427 894 446
43 863 596 887 629
47 888 788 901 809
48 886 498 901 519
49 869 552 884 581
50 899 860 912 880
51 885 399 899 419
52 864 897 882 924
53 858 648 878 668
54 904 841 916 860
55 866 936 882 955
56 896 711 915 729
57 928 776 947 798
58 890 469 906 484
59 869 983 890 1014
61 881 635 899 665
62 879 427 894 446
63 864 597 888 630
67 899 1205 916 1226
68 889 1156 910 1179
69 899 860 912 880
70 864 897 882 924
71 908 1273 932 1301
72 904 842 917 859
74 868 983 890 1014
76 866 937 882 956
77 899 1205 916 1226
78 889 1156 910 1179
79 898 860 912 880
80 908 1273 932 1301
81 864 897 882 924
82 904 842 917 859
84 869 983 891 1014
86 866 937 882 956
87 899 1205 916 1227
88 908 1273 932 1302
89 939 1581 962 1621
90 899 1205 916 1227
91 908 1273 932 1302
92 939 1581 962 1621
94 863 597 890 631
96 869 0 881 12
100 869 0 882 12
101 887 799 901 808
102 887 799 901 808
Frame: 8
1 877 202 896 235
2 873 251 894 268
3 886 499 901 520
4 890 354 905 372
5 869 553 884 581
6 884 394 901 420
7 875 318 895 340
8 862 15 879 35
9 890 469 906 485
10 878 427 894 447
12 831 141 850 164
14 877 202 896 235
15 873 251 894 268
16 886 499 901 520
17 890 354 905 372
18 869 553 884 581
19 884 394 901 420
20 875 318 895 340
21 890 469 906 485
22 862 15 880 35
23 878 427 894 447
24 831 141 850 164
25 865 597 890 631
27 888 790 900 809
28 886 499 901 520
29 869 553 884 581
30 900 861 911 880
31 885 399 900 419
32 864 898 881 925
33 858 649 877 668
34 868 940 881 956
35 904 842 917 860
36 896 712 915 730
37 928 776 947 798
38 890 469 906 485
39 871 984 891 1013
41 882 636 899 665
42 878 427 894 447
43 865 596 889 630
47 888 790 900 809
48 886 499 901 520
49 869 553 884 581
50 899 861 912 880
51 885 399 900 419
52 864 898 881 925
53 858 649 877 668
54 904 842 917 860
55 868 940 881 956
56 896 712 915 730
57 928 776 947 798
58 890 469 906 485
59 870 984 890 1013
61 882 636 899 665
62 878 427 894 447
63 864 597 888 630
67 899 1207 916 1228
68 888 1156 909 1179
69 899 861 912 880
70 864 898 881 925
71 908 1274 932 1302
72 904 842 917 860
74 870 984 891 1013
76 868 940 881 956
77 899 1207 916 1228
78 888 1156 909 1179
79 899 861 912 880
80 908 1274 932 1302
81 864 898 881 925
82 904 842 917 860
84 871 984 891 1013
86 868 940 881 956
87 900 1207 915 1228
88 908 1274 932 1302
89 939 1580 962 1621
90 900 1207 915 1228
91 908 1274 932 1302
92 939 1580 962 1621
94 863 597 889 630
96 868 0 882 13
100 868 0 882 13
101 888 799 901 808
102 888 799 901 808
119 910 740 925 757
120 909 740 925 758
121 911 735 926 757
Frame: 9
1 877 202 897 236
2 874 251 893 268
3 886 499 901 520
4 890 354 905 372
5 870 554 885 581
6 885 394 901 420
7 876 320 894 340
8 864 15 880 34
9 891 470 906 485
10 879 427 894 446
12 832 144 849 165
14 877 202 897 236
15 874 251 893 268
16 886 499 901 520
17 890 354 905 372
18 870 553 885 581
19 885 394 901 420
20 876 320 894 340
21 891 470 906 485
22 864 15 880 34
23 879 427 894 446
24 832 144 849 165
25 866 597 890 630
27 888 790 901 810
28 886 499 901 520
29 870 553 885 581
30 900 860 912 879
31 886 399 900 419
32 865 898 881 924
33 859 649 878 668
34 869 941 881 956
35 904 842 917 860
36 896 711 915 730
37 929 776 948 798
38 891 470 906 485
39 871 984 891 1013
41 882 636 899 664
42 879 427 894 446
43 866 597 890 630
47 888 790 900 810
48 886 499 901 520
49 870 553 885 581
50 899 860 912 879
51 886 399 900 419
52 865 898 881 924
53 859 649 878 668
54 904 842 917 859
55 869 941 881 956
56 897 711 915 730
57 929 776 948 798
58 891 470 906 485
59 870 984 891 1014
61 882 636 899 664
62 879 427 894 446
63 864 597 887 628
67 899 1206 916 1227
68 889 1156 908 1178
69 899 860 912 879
70 865 898 881 924
71 909 1274 932 1301
72 904 842 917 859
74 869 984 890 1014
76 869 941 881 956
77 899 1206 916 1227
78 889 1156 908 1178
79 899 860 912 879
80 909 1274 932 1301
81 865 898 881 924
82 904 842 917 859
84 871 984 891 1013
86 869 941 881 956
87 900 1207 915 1228
88 909 1274 932 1301
89 940 1581 962 1620
90 900 1207 915 1228
91 909 1274 932 1301
92 940 1581 962 1620
94 863 597 888 629
96 868 0 882 14
100 868 0 882 14
101 888 799 901 808
102 888 799 901 808
119 909 737 927 757
120 910 738 927 758
121 911 732 928 756
Frame: 10
1 877 203 896 236
2 876 253 891 267
3 886 499 901 520
4 891 355 904 372
5 869 554 884 581
6 885 396 900 420
7 877 321 893 339
8 864 15 880 35
9 891 470 905 485
10 879 428 892 445
12 833 145 846 160
14 877 203 896 236
15 876 253 891 267
16 886 499 901 520
17 891 355 904 372
18 870 553 884 582
19 885 396 900 420
20 877 321 893 339
21 891 470 905 485
22 863 15 880 34
23 879 428 892 445
24 833 145 846 160
25 864 597 888 630
27 887 789 900 810
28 886 499 901 519
29 870 553 884 581
30 900 859 912 878
31 885 400 899 419
32 864 897 881 924
33 859 650 876 668
34 865 935 882 956
35 903 841 917 860
36 897 712 914 730
37 929 777 947 798
38 891 470 905 485
39 871 986 889 1013
41 882 635 899 664
42 879 428 892 445
43 865 596 889 630
47 888 789 901 810
48 886 499 901 519
49 870 553 884 581
50 900 859 913 878
51 885 400 899 419
52 864 897 881 924
53 859 650 876 668
54 903 841 916 860
55 865 935 882 956
56 897 712 915 730
57 929 777 947 798
58 891 470 905 485
59 870 985 889 1013
61 882 635 899 664
62 879 428 892 445
63 863 597 886 629
67 899 1206 916 1228
68 889 1157 909 1179
69 900 859 913 878
70 864 897 881 924
71 910 1275 931 1301
72 903 841 917 860
74 869 985 889 1013
76 865 935 882 956
77 899 1206 916 1228
78 889 1157 909 1179
79 899 859 913 878
80 910 1275 931 1301
81 864 897 881 924
82 903 841 917 860
84 871 986 889 1013
86 865 935 882 956
87 899 1207 916 1228
88 910 1275 931 1301
89 941 1582 962 1620
90 899 1207 916 1228
91 910 1275 931 1301
92 941 1582 962 1620
94 863 596 889 630
96 869 0 882 12
100 869 0 882 12
101 888 799 902 808
102 888 799 902 808
119 907 734 928 758
120 910 737 928 757
121 909 732 926 757
Frame: 11
1 878 204 897 236
2 876 253 892 267
3 888 500 901 519
4 891 355 904 372
5 869 555 884 582
6 886 397 900 420
7 877 322 892 340
8 863 14 880 35
9 892 471 905 484
10 880 429 893 445
12 834 145 847 160
14 878 204 896 236
15 876 253 892 267
16 888 500 901 519
17 891 355 904 372
18 870 555 884 582
19 886 397 900 420
20 877 322 892 340
21 892 471 905 484
22 863 14 880 35
23 880 429 893 445
24 834 145 847 160
25 865 599 887 630
27 888 790 901 810
28 888 500 901 518
29 870 555 884 581
30 900 859 913 879
31 885 400 899 419
32 865 899 881 924
33 860 651 876 668
34 865 934 883 956
35 904 843 916 860
36 897 712 914 730
37 930 778 946 798
38 892 471 905 484
39 870 986 888 1013
41 882 636 899 663
42 880 429 893 445
43 866 598 888 630
47 888 790 901 810
48 888 500 901 518
49 870 555 884 581
50 900 859 913 879
51 885 400 899 419
52 865 899 881 924
53 860 651 876 668
54 904 843 916 860
55 865 934 883 956
56 897 712 914 730
57 930 778 946 798
58 892 471 905 484
59 869 986 888 1013
61 883 636 899 663
62 880 429 893 445
63 867 601 888 630
67 900 1209 915 1227
68 890 1158 909 1179
69 900 859 913 879
70 865 899 881 924
71 911 1276 932 1302
72 904 843 917 860
74 869 986 888 1013
76 865 935 883 957
77 900 1209 915 1227
78 890 1158 909 1179
79 899 859 913 879
80 910 1276 931 1302
81 865 899 881 924
82 904 843 917 860
84 869 986 889 1013
86 865 935 883 957
87 900 1209 915 1228
88 911 1276 932 1302
89 941 1583 962 1619
90 900 1209 915 1228
91 911 1276 932 1302
92 941 1583 962 1619
94 866 600 889 630
96 869 0 882 12
100 869 0 882 12
101 887 799 902 809
102 887 799 902 809
119 906 732 929 758
120 910 740 926 758
121 910 738 924 758
Frame: 12
1 879 204 896 236
2 876 252 892 267
3 887 501 900 519
4 891 355 904 372
5 869 555 884 582
6 886 398 899 418
7 877 322 893 340
8 864 15 881 35
9 892 471 905 484
10 880 429 893 446
14 879 204 896 235
15 876 252 892 267
16 887 501 900 519
17 891 355 904 372
18 870 555 883 582
19 886 398 899 418
20 877 322 893 340
21 892 471 905 484
22 864 15 881 35
23 880 429 893 446
25 865 599 887 630
27 888 790 901 810
28 887 500 900 518
29 870 555 884 581
30 900 859 913 879
31 885 398 900 419
32 866 900 881 924
33 861 651 876 668
34 864 933 882 955
35 905 843 918 860
36 898 712 915 730
37 929 778 945 797
38 892 471 905 484
39 870 986 889 1013
41 882 636 899 663
42 880 429 893 446
43 865 597 887 629
47 889 791 901 810
48 887 500 900 518
49 870 555 884 581
50 900 859 913 879
51 885 398 900 419
52 866 900 881 924
53 861 651 876 668
54 905 843 918 860
55 864 933 882 955
56 898 712 915 730
57 929 778 945 797
58 892 471 905 484
59 870 986 889 1013
61 883 635 899 663
62 880 429 893 446
63 865 600 887 630
67 900 1209 915 1228
68 890 1159 908 1179
69 900 859 913 879
70 866 900 881 924
71 911 1277 932 1303
72 905 843 918 860
74 869 986 889 1013
76 864 933 882 955
77 900 1209 915 1228
78 890 1159 908 1179
79 899 859 914 879
80 911 1277 932 1303
81 866 900 881 924
82 904 843 917 860
84 869 986 889 1013
86 864 933 882 955
87 900 1209 915 1228
88 911 1277 932 1303
89 941 1584 962 1620
90 900 1209 915 1228
91 911 1277 932 1303
92 941 1584 962 1620
94 864 598 888 630
96 869 0 882 12
100 869 0 882 12
101 888 799 903 809
102 888 799 903 809
119 908 732 930 757
120 909 738 927 758
121 910 737 925 758
Frame: 13
1 878 205 896 236
2 876 252 891 267
3 887 500 900 519
4 891 356 904 371
5 869 556 884 582
6 886 398 899 419
7 877 322 893 340
8 864 15 880 36
9 892 471 904 484
10 879 428 893 447
14 878 205 896 236
15 876 252 891 267
16 887 500 900 519
17 891 356 904 371
18 870 556 883 582
19 886 398 899 419
20 877 322 893 340
21 892 471 904 484
22 863 15 880 36
23 879 428 893 447
25 865 599 886 630
27 887 790 900 810
28 887 500 900 519
29 870 555 884 582
30 900 860 913 879
31 885 399 900 419
32 865 900 881 925
33 860 651 877 669
34 864 932 882 955
35 904 842 917 859
36 897 713 914 731
37 929 778 946 798
38 892 471 904 484
39 869 985 889 1014
41 882 637 899 665
42 879 428 893 447
43 865 598 887 630
47 888 790 900 810
48 887 500 900 519
49 870 555 884 582
50 899 860 913 879
51 885 399 900 419
52 865 900 881 925
53 860 651 877 669
54 904 842 917 859
55 864 932 882 955
56 897 713 914 731
57 929 778 946 798
58 892 471 904 484
59 869 986 889 1014
61 882 636 898 664
62 879 428 893 447
63 866 601 888 631
67 900 1208 915 1228
68 889 1158 909 1180
69 900 860 913 879
70 865 900 881 925
71 911 1277 931 1302
72 904 842 917 859
74 869 986 889 1014
76 864 933 882 956
77 900 1208 915 1228
78 889 1158 909 1180
79 900 860 914 879
80 910 1277 931 1302
81 865 900 881 925
82 904 842 917 859
84 869 985 889 1014
86 864 933 882 956
87 900 1208 915 1228
88 911 1277 931 1302
89 940 1584 962 1622
90 900 1208 915 1228
91 911 1277 931 1302
92 940 1584 962 1622
94 865 600 889 631
96 869 0 882 12
100 869 0 882 12
101 888 799 902 809
102 887 800 902 810
119 908 731 931 757
120 909 740 926 758
121 911 740 924 758
Frame: 14
1 879 205 896 235
2 875 252 892 269
3 887 500 901 520
4 891 355 904 371
5 870 555 885 582
6 885 396 900 420
7 877 321 893 340
8 863 14 881 36
9 892 471 905 486
10 879 428 894 447
14 879 205 896 235
15 875 252 892 269
16 887 500 901 520
17 891 355 904 371
18 870 555 884 582
19 885 396 900 420
20 877 321 893 340
21 892 471 905 486
22 863 14 881 36
23 879 428 894 447
25 866 599 889 631
27 888 790 901 810
28 887 500 901 520
29 870 555 885 582
30 900 860 913 879
31 886 399 901 420
32 866 901 881 924
33 860 650 878 670
35 905 842 918 860
36 897 712 914 731
37 930 779 947 798
38 892 471 905 486
39 870 985 891 1014
41 882 636 899 665
42 879 428 894 447
43 866 599 889 631
47 888 790 901 810
48 887 500 901 520
49 870 555 885 582
50 900 860 913 879
51 886 399 901 420
52 866 901 881 924
53 860 651 877 670
54 905 842 918 860
56 897 712 914 731
57 930 779 947 798
58 892 471 905 486
59 870 986 890 1015
61 882 636 899 665
62 879 427 894 448
63 866 599 888 630
67 900 1207 915 1227
68 890 1159 909 1180
69 900 860 913 879
70 866 901 881 924
71 912 1279 932 1303
72 905 842 918 860
74 869 986 890 1015
77 900 1207 915 1227
78 890 1159 909 1180
79 900 860 913 879
80 912 1279 932 1303
81 866 901 881 924
82 904 842 918 860
84 870 985 891 1014
87 900 1207 915 1227
88 912 1279 932 1303
89 940 1585 962 1622
90 900 1207 915 1227
91 912 1278 932 1304
92 940 1585 962 1622
94 865 599 889 630
96 870 0 882 12
100 870 0 882 12
101 887 799 902 809
102 887 800 902 810
119 908 732 930 758
120 908 735 928 758
121 911 741 924 758
Frame: 15
1 880 204 897 235
2 875 252 893 270
3 887 500 902 520
4 891 354 905 372
5 870 554 885 581
6 885 395 901 420
7 877 321 894 340
8 863 14 881 36
9 892 471 905 486
10 878 427 895 449
14 880 204 897 235
15 875 252 893 270
16 887 500 902 520
17 891 354 905 372
18 870 554 885 581
19 885 395 901 420
20 877 321 894 340
21 892 471 905 486
22 863 14 881 36
23 878 427 895 449
25 867 600 889 631
27 888 790 902 810
28 887 500 902 520
29 870 555 885 582
30 900 861 913 880
31 886 399 901 420
32 867 900 882 925
33 859 650 878 671
35 905 843 918 860
36 898 713 914 731
37 930 778 947 799
38 892 471 905 486
39 872 985 892 1014
41 883 637 900 666
42 878 427 895 449
43 864 597 888 631
47 889 790 901 810
48 887 500 902 520
49 870 555 885 582
50 900 861 913 880
51 886 399 901 420
52 867 900 882 925
53 860 650 878 671
54 905 843 918 860
56 898 713 914 731
57 930 778 947 799
58 892 471 905 486
59 872 986 891 1014
61 883 637 899 665
62 878 427 895 450
63 864 597 888 631
67 899 1207 916 1228
68 889 1158 909 1181
69 900 861 913 880
70 867 900 882 925
71 912 1278 932 1303
72 905 843 918 860
74 871 985 892 1015
77 899 1207 916 1228
78 889 1158 909 1181
79 900 861 913 880
80 912 1278 932 1303
81 866 900 882 925
82 904 843 918 860
84 872 985 892 1014
87 899 1207 916 1228
88 912 1278 932 1303
89 940 1585 962 1622
90 899 1207 916 1228
91 912 1278 932 1303
92 940 1585 962 1622
94 866 600 889 630
96 870 0 882 12
100 870 0 882 12
101 888 799 903 809
102 888 800 903 810
119 907 732 930 759
120 907 733 930 759
Frame: 16
1 880 204 897 235
2 875 251 894 270
3 887 501 902 521
4 892 354 905 372
5 870 555 885 583
6 886 395 901 420
7 878 321 894 340
8 864 14 881 35
9 892 471 906 487
10 879 427 895 449
14 880 204 897 235
15 875 251 894 270
16 887 501 902 521
17 892 354 905 372
18 870 555 885 582
19 886 395 901 420
20 878 321 894 340
21 892 471 906 487
22 864 14 881 35
23 879 427 895 449
25 867 600 889 631
27 889 791 902 810
28 887 501 902 521
29 870 555 885 582
30 900 860 913 881
31 886 399 901 420
32 866 899 883 925
33 860 650 877 671
35 905 843 918 860
36 899 714 914 731
37 930 778 947 799
38 892 470 906 487
39 872 985 892 1015
41 884 636 901 665
42 879 427 895 449
43 866 599 889 631
47 889 791 903 811
48 887 501 902 521
49 870 555 885 582
50 899 860 914 881
51 886 399 901 420
52 866 899 883 925
53 860 650 877 671
54 905 843 918 860
56 899 714 914 731
57 930 778 947 799
58 892 470 906 487
59 871 986 891 1015
61 884 636 900 665
62 878 427 895 449
63 865 598 888 630
67 899 1206 917 1229
68 890 1159 909 1180
69 900 860 914 881
70 866 899 883 925
71 911 1277 932 1303
72 905 843 918 860
74 871 985 891 1015
77 899 1206 917 1229
78 890 1159 909 1180
79 899 860 914 881
80 911 1277 932 1303
81 866 899 883 925
82 905 843 918 860
84 871 985 892 1015
87 900 1207 917 1228
88 911 1277 932 1303
89 940 1583 963 1623
90 900 1207 917 1228
91 911 1276 933 1303
92 940 1583 963 1623
94 866 600 890 631
96 870 0 883 13
100 870 0 883 13
101 889 800 904 810
102 889 800 904 810
119 907 731 931 760
120 907 732 931 760
145 873 944 880 955
146 873 944 880 955
147 872 944 881 955
148 872 944 881 955
Frame: 17
1 880 205 897 234
2 876 250 894 270
3 888 500 902 520
4 892 354 905 372
5 870 554 885 582
6 886 395 901 420
7 878 321 894 340
8 865 15 881 34
9 893 471 906 487
10 879 427 896 451
14 880 205 897 234
15 876 250 894 270
16 888 501 902 521
17 892 354 905 372
18 870 554 885 581
19 886 395 901 420
20 878 321 894 340
21 893 471 906 487
22 865 15 881 34
23 879 427 896 451
25 867 600 890 631
27 889 790 903 811
28 888 500 901 520
29 870 554 885 581
30 900 860 914 881
31 886 399 901 420
32 866 900 882 926
33 860 650 877 671
34 865 932 884 956
35 905 843 918 860
36 899 714 914 731
37 930 777 947 798
38 893 471 906 487
39 872 985 892 1015
41 884 638 901 666
42 879 427 896 451
43 866 599 889 630
47 890 791 903 811
48 888 500 901 520
49 870 554 885 581
50 900 860 914 881
51 886 399 901 420
52 866 900 882 926
53 860 650 877 671
54 905 843 918 860
55 865 932 884 956
56 899 714 914 731
57 930 777 947 798
58 893 471 906 487
59 871 986 891 1015
61 884 638 900 666
62 879 427 896 451
63 866 599 889 631
67 900 1207 916 1228
68 891 1158 911 1181
69 900 860 914 881
70 866 900 882 926
71 912 1276 933 1302
72 905 843 919 860
74 871 985 892 1016
76 865 932 884 957
77 900 1207 916 1228
78 891 1158 911 1181
79 900 860 914 881
80 912 1276 933 1302
81 866 900 882 926
82 904 843 919 860
84 872 985 892 1015
86 865 932 884 957
87 900 1207 917 1228
88 912 1276 933 1302
89 940 1583 963 1623
90 900 1207 917 1228
91 912 1275 933 1303
92 940 1583 963 1623
94 867 599 890 630
96 870 0 883 12
100 870 0 883 12
101 889 799 904 810
102 889 799 904 810
119 907 732 931 760
120 907 732 931 760
145 873 944 880 955
146 873 944 880 955
147 873 944 881 955
148 873 944 881 955
Frame: 18
1 880 205 897 234
2 876 251 893 270
3 888 500 902 520
4 892 355 905 372
5 870 555 885 582
6 886 395 901 421
7 878 321 895 340
8 865 15 881 36
9 893 471 906 487
10 879 427 895 449
14 880 205 897 234
15 876 251 893 270
16 888 501 902 521
17 892 355 905 372
18 870 555 885 582
19 886 395 901 421
20 878 321 895 340
21 893 471 906 487
22 865 15 881 36
23 879 427 895 449
25 867 600 889 631
27 889 790 902 810
28 888 500 902 520
29 870 555 885 582
30 900 860 913 880
31 886 399 901 421
32 867 901 882 924
33 861 651 877 670
34 864 932 884 957
35 905 843 918 860
36 899 714 914 731
37 930 778 947 798
38 893 471 906 487
39 873 986 892 1014
41 883 636 900 666
42 879 427 895 449
43 867 600 888 630
47 889 791 903 811
48 888 500 902 520
49 870 555 885 582
50 900 860 914 880
51 886 399 901 421
52 867 901 882 924
53 861 650 878 670
54 905 843 919 861
55 864 932 884 957
56 899 714 914 731
57 931 778 947 798
58 893 471 906 487
59 873 986 892 1014
61 883 636 900 665
62 879 427 895 449
63 867 600 890 632
67 901 1208 916 1228
68 890 1158 910 1181
69 900 860 914 880
70 867 901 882 924
71 911 1275 932 1302
72 905 843 919 861
74 873 986 892 1014
76 865 932 884 957
77 901 1208 916 1228
78 890 1158 910 1181
79 900 860 914 880
80 911 1275 932 1302
81 867 901 882 924
82 905 843 918 860
84 873 986 892 1015
86 865 932 884 957
87 901 1208 916 1228
88 911 1275 932 1302
89 941 1583 964 1623
90 901 1208 916 1228
91 911 1274 932 1302
92 941 1583 964 1623
94 867 600 891 632
96 870 0 884 13
100 870 0 884 13
101 889 799 904 809
102 890 799 904 809
119 909 731 931 759
120 909 731 931 759
145 872 943 881 956
146 872 943 881 956
147 872 943 881 956
148 872 943 881 956
Frame: 19
1 880 204 897 235
2 876 251 893 270
3 888 500 902 520
4 892 354 905 371
5 871 555 886 582
6 886 395 901 420
7 878 321 895 340
8 865 14 881 35
9 893 471 906 487
10 879 427 894 449
14 880 204 897 235
15 876 251 893 270
16 888 501 902 521
17 892 354 905 371
18 871 555 886 582
19 886 395 901 420
20 878 321 895 340
21 893 471 906 487
22 864 14 881 35
23 879 427 894 449
25 867 599 889 630
27 890 791 903 810
28 888 500 902 520
29 871 555 886 582
30 900 860 913 880
31 886 399 901 420
32 867 901 882 925
33 861 650 878 670
35 905 843 918 860
36 899 714 914 731
37 931 779 947 798
38 893 471 906 487
39 871 985 891 1014
41 884 636 900 665
42 879 427 895 449
43 867 599 889 630
47 889 791 902 811
48 888 500 902 520
49 871 555 886 582
50 900 860 914 880
51 886 399 901 420
52 867 901 882 925
53 861 650 878 670
54 905 843 918 860
56 899 714 914 731
57 931 779 948 798
58 893 471 906 487
59 871 985 891 1014
61 884 636 900 665
62 879 427 895 449
63 867 600 890 632
67 901 1208 917 1229
68 891 1158 910 1180
69 900 860 914 880
70 867 901 882 925
71 911 1275 932 1302
72 905 843 918 860
74 871 985 891 1014
77 901 1208 917 1229
78 891 1158 910 1180
79 900 860 914 880
80 911 1275 932 1302
81 867 901 882 925
82 905 843 918 860
84 871 985 891 1015
87 901 1207 916 1228
88 911 1275 932 1302
89 941 1584 964 1624
90 901 1207 916 1228
91 911 1276 932 1302
92 941 1584 964 1624
94 867 600 891 632
96 870 0 884 14
100 870 0 883 14
101 889 799 904 809
102 889 799 904 809
119 909 733 929 759
120 909 733 929 759
145 872 941 881 957
146 872 941 881 957
147 871 941 882 957
148 871 941 882 957
Frame: 20
1 881 204 898 236
2 877 251 893 270
3 889 500 903 520
4 893 355 905 372
5 871 554 886 582
6 887 395 902 420
7 879 321 895 340
8 865 14 881 35
9 894 471 907 487
10 880 427 894 448
14 881 204 898 236
15 877 251 893 270
16 888 500 902 520
17 893 355 905 372
18 871 554 886 582
19 887 395 902 420
20 879 321 895 340
21 894 471 907 487
22 864 14 881 35
23 880 427 894 448
25 868 598 891 631
27 890 791 903 810
28 889 500 903 520
29 871 554 886 582
30 901 860 914 879
31 887 399 901 420
32 868 901 882 924
33 861 650 878 670
35 905 843 919 860
36 900 713 915 731
37 931 779 947 798
38 894 471 907 487
39 871 985 891 1014
41 884 637 900 664
42 880 428 894 448
43 868 599 891 631
47 890 791 903 811
48 888 500 902 520
49 871 554 886 582
50 900 860 914 880
51 887 399 901 420
52 868 901 882 924
53 861 650 878 670
54 905 843 919 860
56 900 713 915 731
57 932 779 948 798
58 894 471 907 487
59 871 985 891 1014
61 884 636 900 665
62 880 428 894 448
63 867 599 890 631
67 901 1208 916 1229
68 892 1159 910 1180
69 900 860 914 880
70 868 901 882 924
71 913 1275 934 1303
72 905 843 919 860
74 871 985 891 1014
77 900 1207 917 1228
78 891 1159 910 1180
79 900 860 914 880
80 913 1275 934 1303
81 868 901 883 925
82 905 843 919 860
84 871 985 891 1015
87 901 1207 916 1228
88 913 1275 934 1303
89 941 1584 964 1624
90 901 1208 916 1228
91 913 1276 934 1303
92 941 1584 964 1624
94 867 599 890 631
96 871 0 884 14
100 870 0 884 14
101 890 799 904 809
102 890 799 904 809
119 910 732 930 758
120 910 731 931 758
121 911 738 926 758
145 871 941 882 957
146 871 941 882 957
147 871 941 882 957
148 871 941 882 957
Frame: 21
1 881 205 898 236
2 879 253 892 267
3 889 500 903 519
4 893 355 905 372
5 871 555 886 582
6 887 396 901 419
7 880 323 894 339
8 866 15 881 35
9 894 471 906 486
10 881 428 894 447
14 881 205 898 236
15 879 253 892 267
16 889 500 902 519
17 893 355 905 372
18 871 555 886 581
19 887 396 901 419
20 880 323 894 339
21 894 471 906 486
22 865 15 881 35
23 881 428 894 447
25 869 600 890 630
27 890 790 903 810
28 889 500 903 519
29 871 555 886 581
30 900 860 914 880
31 887 399 901 420
32 867 901 882 925
33 862 651 877 670
34 865 931 884 956
35 905 842 919 860
36 900 713 915 731
37 931 778 948 799
38 894 471 906 486
39 871 985 891 1014
41 885 636 900 664
42 881 428 894 447
43 868 600 890 630
47 890 790 903 810
48 889 500 902 519
49 871 555 886 581
50 900 860 915 880
51 887 399 901 420
52 867 901 882 925
53 862 651 877 670
54 905 842 919 860
55 865 931 884 956
56 900 713 915 731
57 931 778 948 799
58 894 471 906 486
59 871 985 892 1014
61 884 635 901 664
62 881 428 894 447
63 868 600 890 631
67 901 1209 916 1228
68 892 1158 911 1181
69 900 860 915 880
70 867 901 882 925
71 913 1275 935 1303
72 904 842 919 860
76 865 931 884 956
77 901 1208 916 1228
78 891 1158 911 1181
79 900 860 915 880
80 913 1275 935 1303
81 867 901 882 925
82 905 842 919 860
86 865 931 884 956
87 901 1208 916 1227
88 913 1275 935 1303
90 901 1209 916 1228
91 913 1275 935 1303
94 868 600 891 631
96 870 0 884 13
100 870 0 883 13
101 890 799 904 809
102 890 799 904 809
119 909 732 930 759
120 909 732 930 759
121 911 738 926 757
Frame: 22
1 881 205 898 236
2 880 253 891 266
3 889 500 902 519
4 893 355 905 372
5 871 555 886 581
6 887 396 901 420
7 880 322 894 339
8 866 15 881 35
9 893 470 906 486
10 881 428 894 447
14 881 205 898 236
15 880 253 891 266
16 889 500 902 519
17 894 355 905 372
18 871 555 886 581
19 887 396 901 420
20 880 322 894 339
21 893 470 906 486
22 866 15 881 34
23 881 428 894 447
25 868 599 891 631
27 890 789 905 811
28 889 500 902 519
29 871 555 886 581
30 900 860 914 880
31 887 399 900 420
32 867 899 883 925
33 861 651 877 670
34 865 930 884 956
35 905 842 919 860
36 900 713 915 731
37 930 778 948 799
38 893 470 906 486
39 871 986 887 1008
41 885 638 899 664
42 881 428 894 447
43 868 599 891 631
47 890 789 904 811
48 889 500 902 519
49 871 555 886 581
50 900 860 915 880
51 887 399 900 420
52 867 899 883 925
53 861 651 877 670
54 905 842 919 860
55 865 930 884 956
56 900 713 915 731
57 930 778 947 799
58 893 470 906 486
59 871 986 888 1008
61 884 638 899 664
62 881 428 894 447
63 868 599 891 631
67 901 1208 917 1229
68 892 1158 911 1181
69 900 860 915 880
70 867 900 883 925
71 915 1277 934 1302
72 905 842 919 860
76 865 931 885 956
77 901 1208 917 1229
78 892 1158 911 1181
79 900 860 915 880
80 915 1277 934 1302
81 867 900 883 925
82 905 842 919 860
86 865 931 885 956
87 901 1208 917 1229
88 915 1277 934 1302
90 901 1208 917 1229
91 915 1277 934 1302
94 867 599 891 631
96 871 0 883 12
100 871 0 883 12
101 890 799 904 809
102 890 799 904 809
119 908 731 930 759
120 908 731 930 759
Frame: 23
1 882 206 897 235
2 880 253 891 266
3 889 500 903 520
4 894 356 905 371
5 871 555 886 581
6 888 396 901 419
7 880 324 894 340
8 866 15 881 34
9 894 471 905 485
10 881 428 896 449
14 882 206 897 235
15 880 253 891 266
16 889 500 903 520
17 894 356 905 371
18 871 555 886 581
19 888 396 901 419
20 880 324 894 340
21 894 471 905 485
22 866 15 881 34
23 881 428 896 449
25 868 600 890 630
27 890 789 905 811
28 889 500 902 520
29 871 555 886 581
30 900 859 915 880
31 888 399 901 420
32 868 900 883 924
33 862 651 877 670
35 905 842 920 860
36 900 713 915 730
37 931 779 947 798
38 894 471 905 485
39 871 986 887 1007
41 885 638 900 663
42 881 428 896 449
43 868 600 890 630
47 890 789 904 811
48 889 500 902 520
49 871 555 886 581
50 900 859 915 880
51 888 399 901 420
52 868 900 883 924
53 862 651 877 670
54 905 842 920 860
55 865 932 885 958
56 900 713 915 730
57 932 779 947 798
58 894 471 905 485
59 871 986 887 1007
61 885 638 900 664
62 881 428 896 449
63 869 601 891 631
67 901 1209 917 1228
68 892 1159 911 1181
69 900 859 915 880
70 868 901 883 925
71 915 1276 935 1302
72 905 842 920 860
76 865 932 885 958
77 901 1209 917 1228
78 892 1159 911 1181
79 900 859 915 880
80 915 1276 935 1302
81 868 901 883 925
82 905 842 920 860
87 901 1208 916 1228
88 915 1276 935 1302
90 901 1209 917 1228
91 915 1276 935 1302
94 868 601 891 631
96 871 0 883 12
100 871 0 883 12
101 890 799 905 809
102 890 799 905 809
119 909 733 929 759
120 909 733 929 759
Frame: 24
1 882 206 898 235
2 880 253 891 266
3 889 500 903 519
4 894 356 905 371
5 871 555 886 581
6 888 396 901 419
7 881 324 894 340
8 866 15 881 34
9 894 470 905 485
10 882 428 895 447
14 882 206 898 235
15 880 253 891 266
16 889 500 902 519
17 894 356 905 371
18 871 555 886 581
19 888 396 901 419
20 881 324 894 340
21 894 470 905 485
22 866 15 881 34
23 882 429 895 447
25 868 600 890 630
27 890 788 904 810
28 889 500 902 519
29 871 555 886 581
30 900 859 915 880
31 888 400 901 419
32 868 900 884 925
33 861 651 877 670
35 905 842 920 860
36 901 713 916 730
37 931 779 948 798
38 894 470 905 485
39 871 986 887 1007
41 885 637 900 664
42 882 428 895 447
43 869 601 890 630
47 889 788 904 810
48 889 500 902 519
49 871 555 886 581
50 900 859 915 880
51 888 400 901 419
52 868 900 884 925
53 861 651 877 670
54 905 842 920 860
55 865 932 886 958
56 901 713 916 730
57 931 778 948 799
58 894 470 905 485
59 871 986 888 1007
61 885 637 900 664
62 882 429 895 447
63 869 601 891 631
67 901 1208 918 1229
68 891 1159 912 1182
69 900 859 915 880
70 868 900 884 925
71 914 1278 933 1302
72 905 842 920 860
76 865 932 886 958
77 901 1208 918 1229
78 891 1159 912 1182
79 900 859 915 880
80 914 1278 933 1302
81 868 900 884 925
82 905 842 920 860
87 901 1208 918 1229
88 914 1278 933 1302
90 901 1208 918 1229
91 914 1278 933 1302
94 869 601 891 630
96 871 0 882 12
100 871 0 882 12
101 891 799 905 809
102 891 799 905 809
119 909 732 929 758
120 909 731 930 758
160 864 51 873 63
161 864 51 873 63
Frame: 25
1 882 206 898 236
2 880 254 891 266
3 890 502 903 519
4 894 356 905 371
5 872 555 886 580
6 888 396 901 419
7 882 324 895 339
8 868 16 881 34
9 895 472 905 485
10 882 428 895 447
14 882 206 898 236
15 880 254 891 266
16 890 502 903 519
17 894 356 905 371
18 872 555 886 580
19 888 396 901 419
20 882 324 895 339
21 895 472 905 485
22 868 16 881 34
23 882 429 895 447
25 869 601 890 630
27 890 790 904 810
28 890 502 903 519
29 872 555 886 580
30 901 860 915 879
31 888 400 901 419
32 868 901 883 925
33 863 651 878 670
35 905 842 920 859
36 901 714 916 730
37 931 779 948 799
38 895 472 905 485
39 872 986 887 1006
41 885 638 900 664
42 882 428 895 447
43 869 601 890 630
47 890 790 904 810
48 890 502 902 519
49 872 555 886 580
50 901 860 916 879
51 888 400 901 419
52 868 901 883 925
53 863 651 878 670
54 905 842 920 859
56 901 714 916 730
57 931 779 948 799
58 895 472 905 485
59 872 986 887 1006
61 885 638 900 664
62 882 428 895 447
63 869 601 891 631
67 901 1209 917 1228
68 893 1160 912 1181
69 901 860 916 879
70 868 901 884 925
71 914 1277 934 1303
72 906 843 920 860
74 870 986 889 1013
77 902 1209 917 1228
78 893 1160 912 1181
79 901 860 916 879
80 914 1277 934 1303
81 868 901 883 925
82 906 843 920 860
84 871 986 890 1013
87 902 1209 917 1228
88 913 1277 934 1304
90 902 1209 917 1228
91 913 1277 934 1304
94 869 601 890 630
96 871 0 884 13
100 871 0 884 13
101 890 799 905 809
102 890 799 905 809
119 912 735 929 758
120 909 731 930 758
121 913 737 928 757
160 864 50 874 62
161 864 50 874 62
