Frame: 3
1 394 0 421 19
2 380 114 398 138
3 400 0 423 18
4 399 382 416 415
5 478 860 498 885
6 478 812 493 835
7 469 765 489 791
8 392 650 414 674
9 382 399 409 415
10 478 860 497 885
11 478 812 493 835
12 400 647 416 674
13 469 765 489 791
19 468 1127 487 1156
20 408 1420 427 1439
21 477 860 497 885
22 477 811 495 836
23 468 1127 487 1156
24 477 860 497 885
25 408 1420 427 1439
26 477 811 495 836
31 409 1420 426 1443
32 438 1635 461 1668
34 409 1420 426 1443
35 438 1635 461 1668
Frame: 4
1 395 0 419 16
2 379 114 398 138
3 401 0 422 18
4 399 382 416 415
5 478 862 496 885
6 478 812 493 836
7 469 765 488 790
8 392 650 414 675
9 379 399 408 417
10 477 862 495 885
11 478 812 493 836
12 401 649 416 675
13 469 765 488 790
19 466 1128 485 1156
20 408 1421 427 1439
21 477 862 496 886
22 477 812 494 836
23 467 1128 486 1156
24 477 862 496 886
25 409 1421 427 1439
26 477 812 494 836
31 411 1420 427 1442
32 437 1635 460 1668
34 411 1420 427 1442
35 437 1633 461 1668
Frame: 5
1 397 0 417 14
2 379 115 398 139
4 398 382 414 415
5 478 862 495 885
6 477 812 492 835
8 391 650 413 674
9 380 400 407 416
10 477 862 495 885
11 477 812 492 835
12 401 648 416 674
19 465 1127 484 1156
20 409 1421 427 1440
21 477 862 495 886
22 476 812 493 835
23 465 1127 484 1156
24 477 862 495 886
25 409 1421 428 1439
26 476 812 493 835
31 410 1421 425 1442
32 437 1633 460 1668
34 410 1421 425 1442
35 436 1633 460 1668
43 403 0 418 12
Frame: 6
1 397 0 416 12
2 379 114 398 138
4 398 382 414 414
5 478 862 496 886
6 476 811 493 836
8 391 651 411 672
9 380 399 408 416
10 478 862 496 886
11 476 811 493 836
12 401 647 416 674
19 465 1127 485 1156
20 409 1422 426 1439
21 478 863 496 886
22 476 811 493 836
23 466 1127 485 1156
24 478 863 496 886
25 409 1422 427 1439
26 476 811 493 836
31 412 1422 426 1442
32 436 1633 461 1668
34 412 1422 426 1442
35 436 1632 462 1669
43 403 0 418 11
Frame: 7
1 398 0 415 10
2 379 115 397 137
4 399 380 415 413
5 477 862 496 886
6 477 811 493 834
7 469 765 488 789
8 392 651 413 675
9 382 399 406 413
10 478 862 496 886
11 477 811 493 834
12 400 649 415 673
13 469 765 488 789
19 466 1127 485 1156
20 409 1420 428 1439
21 477 862 496 886
22 477 811 494 834
23 466 1127 485 1156
24 477 862 496 886
25 408 1420 427 1439
26 477 811 494 834
31 411 1421 426 1441
32 437 1633 460 1668
34 411 1421 426 1441
35 437 1633 461 1668
43 403 0 417 10
45 395 0 417 12
Frame: 8
2 379 114 398 137
3 401 0 416 12
4 398 381 415 414
5 478 861 495 885
6 477 811 491 834
7 470 766 488 789
8 392 652 411 672
9 381 399 406 413
10 478 861 495 885
11 476 811 491 834
12 400 649 414 673
13 470 766 488 789
19 466 1127 485 1155
20 409 1421 427 1439
21 478 861 495 885
22 477 811 494 834
23 466 1127 485 1155
24 478 861 495 885
25 409 1421 427 1439
26 477 811 494 834
31 412 1422 425 1441
32 438 1633 461 1667
34 412 1422 426 1441
35 438 1633 461 1667
43 403 0 416 9
45 393 0 416 12
46 399 381 410 414
Frame: 9
2 377 112 400 138
3 401 0 415 11
4 398 381 415 413
5 477 860 496 885
6 476 811 492 834
7 469 765 488 789
8 391 650 411 672
9 381 399 407 414
10 477 860 496 885
11 476 811 492 834
12 399 648 412 671
13 469 765 488 789
19 467 1127 485 1155
20 408 1420 428 1440
21 477 860 496 885
22 476 811 493 834
23 467 1127 485 1155
24 477 860 496 885
25 409 1421 427 1439
26 476 811 493 834
31 411 1422 425 1440
32 438 1634 461 1666
34 410 1422 425 1441
35 438 1634 461 1666
43 402 0 417 11
45 395 0 416 11
46 400 381 411 413
Frame: 10
2 378 110 401 137
5 478 860 497 885
6 477 811 492 834
7 470 764 489 789
8 391 649 412 672
9 381 399 407 414
10 478 860 497 885
11 476 811 492 834
12 400 647 415 672
13 470 764 489 789
19 467 1126 486 1155
20 409 1421 428 1440
21 478 860 497 885
22 476 811 493 834
23 467 1126 486 1155
24 478 860 497 885
25 409 1421 427 1439
26 476 810 493 834
31 411 1420 425 1439
32 438 1633 461 1665
34 411 1421 426 1441
35 438 1633 461 1665
43 401 0 416 10
45 396 0 416 10
46 401 380 413 415
Frame: 11
2 378 110 401 137
5 478 859 498 885
6 477 809 493 834
7 470 764 489 788
8 392 650 413 672
9 382 399 407 413
10 478 859 498 885
11 477 809 493 834
12 401 648 414 671
13 471 764 490 788
19 468 1125 487 1154
20 408 1419 429 1439
21 479 859 499 885
22 477 810 494 834
23 468 1125 487 1154
24 479 860 498 885
25 408 1420 428 1439
26 477 809 495 834
31 410 1419 427 1440
32 440 1633 462 1665
34 410 1419 427 1440
35 439 1633 462 1665
43 399 0 415 10
45 399 0 419 10
46 401 379 413 413
Frame: 12
2 378 110 401 137
5 478 859 498 885
6 477 809 495 835
7 470 763 489 788
8 392 649 413 671
9 383 399 407 412
10 478 859 498 885
11 477 809 495 835
12 400 646 414 670
13 470 763 490 788
19 468 1126 487 1154
20 409 1419 429 1439
21 478 859 498 885
22 476 807 495 835
23 468 1126 487 1154
24 478 859 497 885
25 409 1420 429 1439
26 476 807 495 835
31 410 1419 427 1440
32 437 1631 463 1667
34 410 1419 427 1440
35 437 1631 463 1667
43 400 0 416 10
45 397 0 417 10
46 401 380 411 411
Frame: 13
2 378 110 402 138
5 480 859 499 885
6 477 809 495 835
7 469 764 488 788
8 392 647 415 671
9 383 399 407 412
10 480 859 499 885
11 477 809 495 835
12 400 645 415 670
13 469 764 488 788
19 468 1126 487 1154
20 409 1419 430 1440
21 480 859 499 885
22 476 807 495 834
23 468 1126 487 1154
24 480 859 499 885
25 409 1420 429 1439
26 476 807 495 834
31 410 1419 427 1440
32 438 1631 463 1666
34 410 1419 427 1440
35 438 1631 463 1666
43 401 0 417 10
45 397 0 417 10
46 401 380 413 413
Frame: 14
2 376 109 403 138
5 480 858 499 885
6 477 809 494 834
7 471 764 489 788
8 392 647 414 671
9 384 399 407 410
10 480 858 499 885
11 477 809 494 834
12 400 645 415 670
13 471 764 489 788
19 469 1127 487 1153
20 409 1419 429 1440
21 480 858 500 885
22 477 807 496 834
23 469 1127 487 1153
24 480 859 499 885
25 409 1419 429 1439
26 477 807 496 834
31 410 1419 427 1440
32 437 1631 461 1666
34 410 1419 427 1440
35 437 1631 461 1666
43 401 0 418 11
45 395 0 417 11
46 401 380 414 414
Frame: 15
2 376 109 403 138
5 478 858 498 886
6 477 809 494 834
7 470 764 489 787
8 391 648 413 672
9 383 399 407 411
10 478 858 499 886
11 477 809 494 834
12 399 643 416 671
13 471 764 489 787
19 469 1126 487 1152
20 409 1419 429 1440
21 478 858 498 886
22 476 805 496 834
23 469 1126 487 1152
24 478 858 498 886
25 408 1419 429 1439
26 476 805 496 834
31 409 1418 428 1441
32 437 1632 461 1666
34 409 1418 428 1441
35 437 1632 461 1666
43 401 0 417 10
45 396 0 417 10
46 400 380 412 412
Frame: 16
2 377 110 401 137
5 477 858 497 886
6 477 808 494 834
7 469 765 487 788
8 390 648 413 672
9 382 399 405 411
10 477 858 497 886
11 477 808 494 834
12 399 644 415 671
13 469 765 487 788
19 469 1126 487 1152
20 408 1418 429 1441
21 477 858 497 886
22 476 806 497 838
23 469 1126 487 1152
24 477 858 497 886
25 408 1419 429 1440
26 475 807 497 839
31 409 1419 427 1440
32 437 1632 463 1668
34 409 1418 428 1441
35 437 1632 463 1668
43 401 0 416 10
45 395 0 415 10
46 399 381 410 410
Frame: 17
2 376 109 401 137
5 479 858 498 884
6 477 807 494 834
7 470 764 488 787
8 391 647 414 671
9 382 399 406 411
10 479 858 498 884
11 477 808 494 833
12 400 644 416 672
13 470 764 488 787
19 470 1127 488 1153
20 409 1419 429 1440
21 479 858 498 884
22 476 807 495 835
23 470 1127 488 1153
24 479 858 498 884
25 409 1418 430 1439
26 476 807 495 835
31 409 1418 428 1440
32 438 1633 462 1666
34 410 1418 428 1440
35 438 1633 462 1666
43 401 0 416 9
45 396 0 416 9
46 400 380 412 411
Frame: 18
2 377 108 402 136
5 479 858 498 884
6 478 808 494 833
7 470 765 488 788
8 392 646 416 670
9 383 400 407 411
10 479 858 498 884
11 478 808 494 833
12 400 645 416 671
13 470 766 488 788
19 469 1127 488 1153
20 409 1419 429 1439
21 480 858 498 883
22 478 808 495 833
23 469 1127 488 1153
24 480 858 499 884
25 409 1419 430 1439
26 478 808 495 833
31 410 1419 428 1439
32 438 1633 462 1665
34 410 1418 427 1439
35 438 1633 462 1665
43 402 0 417 9
45 397 0 418 10
46 400 380 411 410
Frame: 19
2 377 109 402 136
5 480 857 499 884
6 478 807 495 834
7 471 765 489 788
8 393 645 416 670
9 383 400 407 411
10 480 857 499 884
11 478 807 495 833
12 401 645 416 670
13 471 764 490 788
19 470 1127 487 1152
20 409 1418 428 1439
21 480 857 499 884
22 477 807 496 834
23 470 1127 487 1152
24 480 857 499 884
25 408 1419 428 1438
26 477 807 496 834
31 410 1419 427 1438
32 439 1634 462 1665
34 410 1418 427 1439
35 439 1634 462 1666
43 402 0 416 9
45 397 0 418 10
46 400 380 412 411
Frame: 20
2 377 108 403 138
5 480 857 499 884
6 478 807 495 833
7 471 764 490 788
8 393 645 416 670
9 382 399 407 412
10 480 857 499 884
11 478 807 495 833
12 400 643 417 669
13 471 764 490 788
19 470 1125 489 1152
20 409 1418 428 1438
21 480 857 499 884
22 477 806 496 834
23 470 1125 489 1152
24 480 857 499 884
25 408 1419 428 1438
26 477 806 496 834
31 410 1418 428 1438
32 439 1632 462 1664
34 410 1418 427 1438
35 439 1632 462 1665
45 397 0 418 9
46 399 379 412 412
Frame: 21
2 377 107 403 136
4 399 379 416 412
5 481 856 500 883
6 477 805 496 833
7 473 766 491 788
8 393 645 417 671
9 382 399 408 412
10 480 856 500 883
11 478 806 496 833
12 401 644 417 670
13 473 765 491 788
19 470 1125 489 1153
20 409 1417 429 1438
21 481 856 500 883
22 477 806 496 834
23 470 1125 489 1152
24 481 856 500 883
25 409 1417 429 1438
26 477 804 496 833
31 410 1417 428 1438
32 438 1631 463 1664
34 410 1417 428 1438
35 438 1631 463 1664
45 399 0 419 9
46 399 378 412 412
64 406 1447 425 1478
65 406 1447 425 1478
Frame: 22
2 378 106 403 134
4 399 379 416 412
5 480 856 500 884
6 477 804 496 833
7 473 766 491 788
8 394 645 417 671
9 384 399 406 410
10 480 856 500 884
11 478 805 496 833
12 401 644 417 670
13 473 766 491 788
19 469 1123 490 1152
20 410 1418 430 1438
21 480 856 500 884
22 477 805 496 834
23 469 1123 490 1151
24 480 856 500 884
25 410 1418 430 1438
26 477 804 496 833
31 411 1417 430 1438
32 438 1631 463 1665
34 411 1417 430 1439
35 438 1631 463 1665
45 399 0 419 9
46 399 378 412 413
64 406 1446 425 1477
65 406 1447 425 1478
66 399 0 417 9
Frame: 23
2 378 106 403 135
5 481 857 500 884
6 478 804 496 832
7 473 765 492 788
8 394 645 417 670
9 383 399 407 411
10 481 857 500 884
11 478 805 495 832
12 400 643 417 669
13 473 765 492 788
19 470 1124 489 1151
20 411 1419 430 1438
21 481 857 500 884
22 478 805 496 832
23 470 1124 490 1151
24 481 857 500 884
25 410 1418 430 1438
26 478 803 497 832
31 411 1418 429 1438
32 438 1631 463 1665
34 412 1418 429 1438
35 438 1631 463 1665
45 401 0 420 8
46 400 379 413 412
64 406 1445 425 1478
65 406 1445 425 1478
66 400 0 417 8
Frame: 24
2 378 106 403 135
5 480 857 500 884
6 479 804 496 831
7 473 765 492 788
8 394 645 417 670
9 383 399 407 411
10 480 857 500 884
11 479 806 496 831
12 401 644 416 669
13 474 765 492 788
19 470 1124 489 1152
20 411 1419 430 1438
21 480 857 499 884
22 479 806 496 831
23 470 1124 489 1152
24 480 857 499 884
25 411 1419 430 1438
26 478 804 497 831
31 411 1418 430 1439
32 438 1631 463 1665
34 412 1418 430 1439
35 438 1631 463 1665
45 401 0 420 9
46 400 379 412 412
64 406 1445 425 1477
65 406 1445 425 1477
66 399 0 418 9
Frame: 25
2 379 106 403 134
5 480 857 499 884
6 478 804 497 832
7 475 766 493 789
8 394 646 417 670
9 384 399 407 410
10 480 857 499 884
11 478 804 497 833
12 401 644 417 669
13 475 765 494 789
19 470 1123 489 1152
20 412 1418 430 1437
21 480 857 499 884
22 478 804 497 832
23 470 1123 490 1152
24 480 857 499 884
25 411 1418 430 1437
26 478 803 497 833
31 412 1418 429 1438
32 439 1633 462 1664
34 412 1418 429 1439
35 439 1633 462 1664
45 399 0 421 10
46 400 378 414 413
66 399 0 418 9
