Frame: 3
1 660 265 674 284
2 678 564 692 583
3 668 437 688 469
4 673 495 689 513
5 661 150 680 172
6 661 345 684 377
8 1177 503 1194 516
9 797 858 809 875
10 678 564 692 583
11 667 436 688 468
12 673 495 689 513
13 770 761 791 782
14 803 925 815 945
15 808 1024 823 1039
16 799 931 815 955
17 799 858 810 875
18 1177 503 1194 516
19 804 925 816 944
21 283 1112 297 1128
24 797 858 809 875
25 778 1393 793 1418
26 811 1171 826 1194
27 802 1024 821 1057
28 770 1432 785 1439
29 785 1359 802 1390
30 803 925 815 945
31 799 931 815 955
32 798 858 809 875
33 811 1171 826 1194
34 801 1024 822 1057
35 804 925 816 944
37 767 1430 786 1463
38 778 1393 794 1418
39 785 1359 802 1390
40 778 1567 798 1596
Frame: 4
1 660 266 674 284
2 678 564 692 584
3 669 438 688 469
4 673 493 690 514
5 659 149 682 175
6 663 345 682 370
8 1178 503 1194 516
9 798 861 809 877
10 678 564 692 584
11 668 438 688 469
12 673 493 690 514
13 771 763 791 784
14 802 926 815 948
15 808 1024 823 1039
16 799 938 814 959
17 799 861 810 877
18 1178 503 1194 516
19 803 926 816 946
21 283 1113 297 1129
24 798 861 809 877
25 779 1393 794 1418
26 812 1172 827 1195
27 802 1024 823 1059
28 770 1432 785 1439
29 785 1360 802 1391
30 802 926 815 948
31 799 938 814 959
32 799 860 810 877
33 812 1172 827 1195
34 803 1024 823 1059
35 803 926 816 946
37 765 1431 785 1465
38 778 1393 794 1418
39 785 1360 802 1391
40 778 1566 799 1597
Frame: 5
1 661 266 674 283
2 678 565 693 585
3 669 437 688 468
4 674 495 690 514
5 660 150 681 174
6 663 344 681 369
8 1176 501 1196 517
9 797 860 810 878
10 678 565 693 585
11 669 437 688 468
12 674 495 690 514
13 771 762 792 784
14 802 926 815 947
15 808 1025 823 1039
16 803 944 813 959
17 799 860 810 878
18 1176 501 1196 517
19 803 926 816 945
21 283 1114 297 1130
24 797 860 810 878
25 778 1394 793 1419
26 812 1171 829 1196
27 803 1023 824 1059
28 770 1432 785 1439
29 785 1360 802 1391
30 802 926 815 947
31 803 944 813 959
32 799 859 810 878
33 812 1171 829 1196
34 803 1024 825 1060
35 803 926 816 945
37 765 1432 786 1468
38 777 1394 794 1419
39 785 1360 802 1391
40 779 1566 799 1596
44 325 1371 342 1392
46 802 945 815 958
47 325 1371 342 1392
48 802 945 815 958
Frame: 6
1 662 268 674 284
2 679 565 693 585
3 670 438 688 469
4 675 495 692 514
5 661 151 681 175
6 665 345 684 371
8 1176 501 1197 518
9 797 859 810 878
10 679 565 693 585
11 670 438 689 469
12 675 495 692 514
13 772 763 791 784
14 803 926 815 946
15 809 1026 822 1039
16 803 949 813 962
17 800 860 811 878
18 1176 501 1197 518
19 804 927 816 945
21 285 1114 298 1129
24 797 859 810 878
25 779 1394 794 1419
26 813 1171 829 1196
27 804 1025 824 1058
28 771 1433 785 1439
29 786 1361 803 1392
30 803 926 815 946
31 803 949 813 962
32 800 860 811 877
33 813 1171 829 1196
34 805 1025 825 1059
35 804 927 816 945
37 766 1433 786 1468
38 778 1393 794 1419
39 786 1361 803 1392
40 780 1567 800 1596
44 325 1370 343 1393
46 803 946 815 958
47 325 1370 343 1393
48 803 946 815 958
55 662 344 686 377
Frame: 7
1 662 267 675 285
2 679 564 694 584
3 670 437 689 468
4 675 495 692 514
5 661 152 682 176
6 668 345 681 364
9 798 859 810 877
10 679 564 694 584
11 670 438 689 468
12 675 495 692 514
13 772 762 792 783
14 804 924 817 945
15 809 1026 823 1039
17 800 859 811 877
19 804 925 816 944
21 285 1113 298 1129
24 798 859 810 877
25 779 1393 794 1418
26 814 1171 829 1195
27 804 1025 825 1059
28 771 1432 786 1439
29 787 1361 803 1391
30 804 924 817 945
32 800 859 811 877
33 813 1171 829 1196
34 805 1025 825 1059
35 804 925 816 944
37 765 1431 785 1466
38 778 1393 794 1417
39 787 1361 804 1391
40 780 1566 800 1595
44 325 1370 342 1392
46 803 944 816 958
47 325 1370 342 1392
48 803 944 816 958
55 662 342 687 377
56 256 1152 275 1172
57 807 1026 825 1039
Frame: 8
1 663 266 676 283
2 679 562 695 584
3 671 437 690 467
4 675 492 692 512
5 662 150 682 174
6 668 345 681 362
9 798 857 812 877
10 679 562 695 584
11 671 437 690 467
12 675 492 692 512
13 772 761 793 783
14 804 924 817 944
15 809 1026 824 1039
17 800 857 812 877
19 804 924 817 943
21 285 1112 298 1128
24 798 857 812 877
25 778 1393 795 1418
26 813 1169 830 1195
27 805 1024 826 1058
28 770 1432 785 1439
29 787 1360 805 1390
30 804 924 817 944
32 800 857 812 877
33 813 1169 830 1195
34 805 1024 826 1059
35 804 924 817 943
37 765 1430 786 1467
38 779 1393 795 1418
39 787 1360 805 1390
40 780 1565 801 1595
44 326 1371 342 1392
46 804 943 817 958
47 326 1371 342 1391
48 804 943 817 958
55 663 340 688 376
56 257 1153 275 1172
57 808 1026 826 1039
60 799 1360 806 1389
61 799 1360 806 1389
Frame: 9
1 664 265 677 282
2 681 563 695 583
3 671 437 690 467
4 675 491 692 511
5 663 149 683 173
9 799 857 812 877
10 681 563 695 583
11 671 437 690 467
12 675 491 692 511
13 773 762 793 783
14 804 924 817 944
15 809 1024 826 1039
17 801 857 813 877
19 804 924 817 943
21 286 1113 299 1128
24 799 857 812 877
25 780 1393 796 1418
26 813 1168 831 1195
27 805 1024 826 1058
28 771 1432 787 1439
29 788 1359 806 1390
30 804 924 817 944
32 801 857 813 877
33 813 1168 831 1195
34 805 1024 826 1058
35 804 924 817 943
37 767 1431 787 1466
38 780 1393 796 1418
39 789 1359 806 1390
40 781 1567 801 1595
44 327 1371 343 1392
46 804 943 818 958
47 327 1371 343 1391
48 804 943 818 958
55 664 341 688 376
56 258 1154 275 1171
57 807 1024 828 1040
60 799 1360 806 1389
61 799 1360 806 1389
Frame: 10
1 664 266 678 284
2 682 563 696 583
3 672 436 691 467
4 677 493 692 512
5 664 149 684 172
6 669 343 683 362
9 799 857 813 877
10 682 563 696 583
11 672 436 691 467
12 677 493 692 512
13 775 763 793 782
14 805 923 818 943
15 809 1024 826 1039
17 801 857 814 876
19 805 923 817 943
21 287 1112 300 1127
24 798 856 813 877
25 782 1393 797 1417
26 814 1168 831 1195
27 806 1024 825 1055
28 772 1432 787 1439
29 790 1359 807 1389
30 805 923 818 943
32 801 857 814 876
33 814 1168 831 1195
34 806 1024 825 1055
35 805 923 817 943
37 768 1430 787 1464
38 781 1393 796 1417
39 790 1359 807 1389
40 782 1567 801 1595
46 804 942 818 958
48 804 942 818 958
55 666 343 688 376
56 258 1153 276 1171
57 808 1023 829 1040
60 799 1360 806 1388
61 799 1360 806 1388
63 771 1505 789 1542
64 765 1491 783 1531
Frame: 11
1 665 268 678 284
2 682 564 696 584
3 672 436 691 467
4 676 492 693 513
5 663 149 684 174
6 670 342 684 361
9 800 858 813 877
10 682 564 696 584
11 672 436 691 467
12 676 492 693 513
13 776 763 793 782
14 805 923 818 943
17 801 858 813 877
19 805 923 818 943
21 287 1112 300 1127
24 799 858 812 877
25 782 1393 797 1416
26 816 1169 832 1195
27 807 1024 825 1053
28 773 1433 786 1439
29 791 1360 807 1388
30 805 923 818 943
32 800 858 812 877
33 816 1169 832 1195
34 808 1024 825 1054
35 805 923 818 943
37 768 1431 787 1465
38 782 1393 797 1416
39 791 1360 806 1388
40 782 1567 801 1595
46 804 942 818 957
48 804 942 818 957
55 667 341 688 372
60 799 1360 806 1387
61 799 1360 806 1387
63 773 1510 788 1542
64 766 1493 785 1535
Frame: 12
1 665 267 677 283
2 682 563 696 583
3 673 437 690 467
4 677 492 693 512
5 665 149 684 173
9 800 858 813 876
10 682 563 696 583
11 673 437 691 467
12 677 492 693 512
13 775 762 794 782
14 805 924 818 943
17 802 857 813 876
19 804 923 817 944
21 287 1112 300 1126
24 799 857 812 876
25 782 1392 798 1417
26 815 1169 832 1195
27 807 1024 826 1055
28 773 1432 787 1439
29 789 1359 807 1389
30 805 924 818 943
32 801 857 813 876
33 815 1169 832 1195
34 807 1024 826 1055
35 804 923 817 944
37 768 1431 786 1465
38 782 1392 798 1417
39 789 1359 807 1389
40 783 1567 802 1594
44 329 1371 344 1390
46 804 943 817 957
47 329 1371 344 1390
48 804 943 817 957
55 669 343 685 368
56 260 1154 275 1171
60 800 1360 807 1389
61 800 1360 807 1389
64 769 1494 790 1541
70 669 353 685 375
Frame: 13
1 664 265 677 283
2 682 563 696 582
3 673 439 690 467
4 676 491 692 510
5 664 148 685 172
9 800 858 812 876
10 682 563 696 582
11 673 439 690 467
12 676 491 692 510
13 774 761 794 782
14 806 923 818 942
15 811 1023 828 1040
17 801 857 813 876
19 804 923 817 943
21 287 1113 299 1126
24 799 857 812 876
25 782 1392 798 1418
26 814 1168 832 1195
27 807 1024 826 1055
28 772 1432 787 1439
29 789 1359 807 1389
30 806 923 818 942
32 802 857 813 876
33 814 1168 832 1195
34 807 1024 826 1055
35 804 923 817 943
37 767 1431 787 1466
38 782 1392 798 1417
39 789 1359 806 1389
40 783 1567 802 1594
44 329 1371 344 1390
46 805 943 817 957
47 329 1371 344 1390
48 805 943 817 957
55 669 344 685 368
56 260 1154 276 1170
60 800 1360 807 1388
61 800 1360 807 1388
64 768 1490 792 1543
70 667 350 685 374
Frame: 14
1 664 267 677 283
2 682 564 696 583
3 673 437 691 467
4 676 491 693 511
5 664 147 684 173
9 799 857 812 876
10 682 564 696 583
11 673 437 691 467
12 676 491 693 511
13 775 761 794 782
14 806 923 818 942
15 812 1024 828 1039
17 801 857 813 876
19 805 923 817 942
21 286 1112 299 1126
24 799 857 812 876
25 782 1392 798 1417
26 816 1170 832 1195
27 807 1024 826 1054
28 772 1432 787 1439
29 790 1359 807 1389
30 806 923 818 942
32 802 857 814 876
33 816 1170 832 1195
34 808 1024 826 1053
35 805 923 818 942
37 767 1431 786 1466
38 782 1392 798 1417
39 789 1359 806 1389
40 783 1567 802 1595
55 669 342 685 366
60 800 1360 807 1389
61 800 1360 807 1389
64 769 1490 793 1545
70 667 348 687 375
Frame: 15
1 664 267 677 283
2 681 563 696 584
3 673 437 691 468
4 676 493 692 512
5 664 149 684 173
9 800 857 813 876
10 681 563 696 584
11 672 437 691 468
12 676 494 692 513
13 775 762 793 782
14 805 923 817 943
15 812 1024 828 1039
17 800 858 812 876
19 805 923 817 942
21 286 1113 299 1127
24 800 857 813 876
25 782 1393 798 1417
26 815 1169 832 1195
27 807 1025 825 1054
28 772 1432 787 1439
29 790 1360 807 1389
30 805 923 818 943
32 800 858 812 876
33 814 1169 832 1196
34 807 1025 825 1053
35 805 923 817 942
37 767 1432 786 1466
38 782 1393 798 1417
39 790 1360 807 1389
40 783 1568 803 1596
46 804 942 818 958
48 804 942 818 958
55 669 341 685 365
60 799 1359 806 1388
61 799 1359 806 1388
64 766 1494 786 1540
70 667 351 686 376
Frame: 16
1 663 266 677 284
2 681 563 697 585
3 673 438 690 468
4 675 493 692 513
5 663 149 685 176
9 800 858 814 878
10 681 563 697 585
11 673 438 690 468
12 675 493 692 514
13 774 762 794 784
14 805 923 818 945
17 800 857 813 877
19 804 923 818 945
21 286 1114 299 1128
24 799 857 814 877
25 781 1394 797 1419
26 815 1169 832 1196
27 807 1026 827 1057
28 772 1432 787 1439
29 789 1360 807 1390
30 805 923 818 945
32 801 858 813 878
33 815 1170 832 1197
34 807 1026 827 1057
35 804 923 818 945
37 766 1431 787 1469
38 780 1394 798 1419
39 789 1360 807 1390
40 783 1568 803 1596
46 804 944 817 959
48 804 944 817 959
60 800 1360 807 1390
61 800 1360 807 1390
64 766 1494 787 1541
70 664 344 689 379
Frame: 17
1 663 266 677 284
2 681 563 696 585
3 673 438 690 468
4 676 492 693 514
5 664 149 684 174
9 799 858 813 878
10 681 563 696 585
11 673 439 690 468
12 676 492 693 514
13 775 761 794 783
14 805 923 818 944
17 801 856 814 877
19 804 923 818 944
21 287 1114 300 1128
24 799 857 813 878
25 781 1393 798 1419
26 815 1169 832 1197
27 808 1026 827 1057
29 789 1359 808 1390
30 805 923 818 944
32 801 857 814 877
33 815 1169 833 1197
34 808 1026 827 1057
35 804 923 818 944
37 766 1432 787 1468
38 781 1393 798 1419
39 788 1359 807 1390
40 783 1569 803 1597
46 805 943 818 958
48 805 943 818 958
60 800 1359 807 1390
61 800 1359 807 1390
64 769 1497 791 1545
70 664 343 689 378
82 805 943 817 959
83 805 943 817 959
Frame: 18
1 663 265 677 284
2 680 562 696 584
3 672 436 690 468
4 674 490 693 514
5 663 148 683 174
9 799 857 813 878
10 680 562 696 584
11 672 436 690 468
12 674 490 693 514
13 774 760 794 783
14 804 923 818 944
17 801 856 814 877
19 805 922 818 943
21 286 1115 299 1129
24 798 856 813 878
25 781 1393 798 1420
26 814 1169 833 1198
27 808 1025 828 1057
29 788 1359 807 1390
30 804 923 818 944
32 801 856 814 877
33 814 1169 833 1198
34 808 1025 828 1057
35 805 922 818 943
37 766 1431 787 1469
38 780 1393 799 1420
39 788 1359 807 1390
40 781 1568 802 1596
46 805 943 818 958
48 805 943 818 958
60 800 1360 807 1389
61 800 1360 807 1389
64 769 1501 790 1547
70 663 341 689 378
82 806 943 817 958
83 806 943 817 958
Frame: 19
1 663 266 676 283
2 680 562 695 584
3 672 437 690 468
4 675 492 693 514
5 664 149 683 174
9 800 857 814 878
10 680 562 695 584
11 672 437 690 468
12 675 492 693 514
13 774 761 794 784
14 804 923 817 944
17 800 857 813 878
19 805 924 817 943
21 286 1114 299 1128
24 800 857 814 878
25 780 1393 798 1420
26 815 1170 832 1197
27 807 1026 827 1058
29 788 1359 807 1390
30 804 923 817 944
32 800 857 813 878
33 815 1170 832 1197
34 807 1025 827 1057
35 804 923 817 943
37 766 1432 787 1469
38 780 1393 799 1420
39 788 1359 807 1390
40 781 1568 802 1596
46 804 943 818 959
48 804 943 818 959
60 799 1360 806 1389
61 799 1360 806 1389
64 770 1502 791 1548
70 664 342 688 378
82 805 943 817 959
83 805 943 817 959
Frame: 20
1 663 266 676 284
2 679 563 695 585
3 672 437 690 468
4 674 491 693 515
5 664 149 683 174
9 800 856 814 877
10 679 563 695 585
11 672 437 690 468
12 674 491 693 515
13 773 760 793 783
14 804 924 817 943
15 811 1025 826 1039
17 799 857 813 878
19 805 924 818 943
21 285 1114 298 1128
24 799 857 813 878
25 780 1393 797 1420
26 814 1170 832 1198
27 807 1025 828 1058
29 788 1360 806 1390
30 804 924 817 943
32 800 856 813 877
33 814 1170 832 1198
34 807 1025 828 1058
35 805 924 818 943
37 766 1431 787 1469
38 780 1394 799 1420
39 788 1360 806 1390
40 781 1567 802 1596
46 805 943 818 958
48 805 943 818 958
60 799 1360 806 1389
61 799 1360 806 1389
70 663 341 687 378
82 805 943 817 959
83 805 943 817 959
Frame: 21
1 662 266 676 284
2 679 563 694 585
3 672 436 690 467
4 674 490 692 513
5 663 148 683 174
9 800 856 814 878
10 679 563 694 585
11 672 436 690 467
12 674 490 692 513
13 773 760 793 783
14 804 924 817 943
15 810 1025 826 1039
17 798 856 812 878
19 804 923 818 944
21 285 1114 298 1128
24 799 856 814 878
25 779 1393 797 1419
26 814 1171 831 1196
27 807 1024 827 1058
29 787 1359 806 1390
30 804 924 817 943
32 798 856 812 877
33 814 1171 831 1197
34 807 1024 827 1058
35 804 923 818 944
37 766 1431 787 1468
38 780 1394 799 1420
39 787 1359 806 1390
40 781 1567 802 1596
46 804 943 817 958
48 804 943 817 958
57 808 1025 827 1040
60 799 1359 807 1390
61 799 1359 807 1390
70 664 340 687 377
82 805 943 817 959
83 805 943 817 959
Frame: 22
1 662 266 675 284
2 679 563 694 585
3 671 436 689 467
4 673 490 692 513
5 663 148 682 173
9 799 856 813 878
10 679 563 694 585
11 671 436 689 467
12 673 490 692 513
13 773 760 794 783
14 804 924 818 945
15 810 1026 826 1040
17 799 855 814 878
19 804 923 818 944
21 285 1114 298 1127
24 798 856 813 879
25 779 1393 799 1421
26 814 1170 832 1198
27 807 1024 828 1059
29 787 1359 806 1390
30 804 924 818 945
32 800 855 814 878
33 814 1170 832 1198
34 807 1024 828 1059
35 804 923 818 944
37 766 1431 787 1468
38 780 1394 799 1421
39 787 1359 806 1390
40 780 1566 803 1596
46 805 943 817 958
48 805 943 817 958
57 809 1025 827 1040
60 800 1360 807 1389
61 800 1360 807 1389
70 664 341 685 376
82 805 943 817 960
83 805 943 817 960
Frame: 23
1 662 266 675 284
2 679 563 694 584
3 671 436 689 468
4 674 490 691 513
5 663 148 682 173
9 799 857 812 877
10 679 562 694 584
11 670 436 689 468
12 674 490 691 513
13 773 761 793 784
14 804 924 818 945
15 810 1026 825 1040
17 799 856 812 877
19 804 924 818 944
21 285 1114 298 1127
24 798 857 812 877
25 779 1393 797 1420
26 813 1169 831 1197
27 806 1023 828 1058
29 786 1360 805 1389
30 803 924 818 945
32 800 856 812 877
33 813 1169 831 1197
34 806 1023 828 1058
35 804 924 818 944
37 766 1432 787 1467
38 779 1394 798 1420
39 786 1360 805 1389
40 780 1566 802 1596
60 799 1359 807 1389
61 799 1359 807 1389
70 664 340 685 375
Frame: 24
1 662 266 675 283
2 680 563 693 582
3 671 437 688 468
4 674 491 690 512
5 663 149 681 173
9 798 858 811 877
10 680 563 693 582
11 670 436 688 467
12 674 491 690 512
13 773 761 791 783
14 803 924 817 945
15 810 1026 825 1040
17 798 857 811 876
19 803 924 816 943
21 285 1114 298 1127
24 797 858 811 877
25 779 1392 797 1418
26 813 1169 830 1196
27 805 1024 825 1056
29 785 1360 804 1389
30 803 924 817 945
32 799 857 811 876
33 813 1170 830 1195
34 805 1024 825 1056
35 803 924 816 943
37 765 1432 785 1466
38 778 1393 797 1419
39 785 1360 804 1389
40 780 1568 801 1597
46 803 943 816 958
48 803 943 816 958
55 667 345 682 368
60 799 1359 806 1387
61 799 1359 806 1387
70 665 344 684 376
82 804 943 815 958
83 804 943 815 958
Frame: 25
1 662 266 675 283
2 680 563 693 583
3 671 436 688 467
4 675 494 691 513
5 663 149 681 173
9 798 858 811 877
10 680 563 693 583
11 670 436 688 467
12 675 494 691 513
13 773 762 791 783
14 802 924 817 946
15 810 1027 824 1040
17 799 858 811 876
19 804 925 817 944
21 285 1114 299 1129
24 798 858 811 877
25 778 1392 797 1418
26 814 1169 831 1196
27 806 1025 825 1056
29 786 1360 804 1389
30 802 924 817 946
32 800 858 811 876
33 814 1170 831 1195
34 806 1025 825 1056
35 804 925 817 944
37 767 1433 785 1464
38 778 1393 797 1419
39 786 1360 805 1389
40 780 1569 800 1597
46 804 943 815 957
48 804 943 815 957
55 667 345 682 368
57 809 1027 824 1040
60 799 1360 806 1387
61 799 1360 806 1387
70 665 346 684 376
82 804 942 815 957
83 804 942 815 957
