Frame: 3
7 856 0 876 12
10 1423 0 1437 16
13 1270 103 1291 122
17 1061 444 1081 470
20 855 0 876 12
21 1455 0 1477 13
22 1423 0 1437 16
23 1198 44 1213 77
24 1270 103 1290 122
36 1758 112 1778 132
44 1061 444 1080 470
Frame: 4
7 858 0 876 11
10 1423 0 1437 17
13 1269 103 1291 123
17 1061 445 1080 470
20 857 0 877 11
21 1456 0 1477 12
22 1423 0 1437 17
23 1198 45 1213 78
24 1270 103 1290 123
36 1757 112 1778 132
44 1061 445 1080 470
Frame: 5
7 858 0 877 11
10 1422 0 1439 19
20 857 0 877 11
21 1455 0 1477 12
22 1422 0 1439 19
23 1200 44 1215 79
54 1194 204 1215 231
Frame: 6
10 1422 0 1437 18
21 1453 0 1477 14
22 1423 0 1438 18
23 1199 43 1214 78
36 1758 113 1778 132
54 1195 204 1216 230
58 1140 549 1163 577
59 1141 550 1163 577
Frame: 7
7 856 0 872 10
10 1423 0 1438 18
13 1268 103 1292 124
20 855 0 872 10
21 1454 0 1474 11
22 1422 0 1438 18
23 1199 43 1215 78
24 1269 103 1292 124
36 1758 113 1778 133
58 1140 547 1163 576
59 1140 548 1163 576
Frame: 8
7 856 0 872 9
10 1422 0 1438 19
13 1268 102 1293 125
20 855 0 872 9
21 1454 0 1474 12
22 1421 0 1438 19
24 1269 102 1292 125
58 1140 548 1163 575
59 1140 548 1163 575
66 2020 253 2039 271
Frame: 9
10 1421 0 1438 20
21 1454 0 1474 12
22 1421 0 1438 20
54 1189 198 1211 227
58 1141 548 1162 575
59 1141 548 1162 575
66 2020 252 2040 270
76 1199 198 1209 226
Frame: 10
54 1188 197 1211 226
76 1199 196 1210 226
Frame: 11
23 1197 38 1214 77
Frame: 12
23 1197 38 1213 76
