Frame: 3
1 1353 588 1367 619
2 1339 68 1354 97
3 1341 18 1355 41
4 1353 474 1363 495
5 1341 181 1355 205
6 1350 419 1362 439
8 1349 238 1361 261
10 1342 133 1356 155
12 1347 514 1363 540
13 1353 588 1367 619
14 1339 68 1354 97
15 1341 18 1356 41
16 1353 474 1363 495
17 1340 181 1355 205
18 1350 419 1362 439
20 1349 238 1361 261
22 1342 133 1356 155
23 1347 514 1363 540
28 1353 588 1367 619
29 1353 742 1366 764
31 1353 474 1363 495
32 1349 419 1362 439
33 1351 800 1366 826
34 1353 588 1367 619
35 1353 742 1366 764
37 1353 474 1363 495
38 1349 419 1362 439
47 1364 1238 1375 1260
53 1364 1238 1375 1260
55 1351 800 1366 826
59 1413 1676 1433 1703
62 1364 1237 1375 1260
63 1437 1748 1450 1772
64 1412 1676 1433 1703
67 1364 1237 1375 1260
72 1412 1614 1433 1650
74 1437 1717 1451 1747
76 1412 1613 1434 1649
Frame: 4
1 1352 586 1366 616
2 1335 65 1352 97
3 1339 16 1352 37
4 1352 472 1361 492
5 1341 179 1354 202
6 1349 417 1360 437
8 1346 232 1358 256
10 1338 132 1353 155
12 1345 510 1360 536
13 1352 586 1366 616
14 1335 65 1352 97
15 1339 16 1353 37
16 1352 472 1361 492
17 1339 179 1354 202
18 1349 417 1360 437
20 1346 232 1358 256
22 1338 132 1353 155
23 1345 510 1360 536
28 1352 586 1366 616
29 1351 740 1364 762
31 1352 472 1361 492
32 1348 417 1361 437
33 1350 799 1363 821
34 1352 586 1366 616
35 1351 740 1364 762
37 1352 472 1361 492
38 1348 417 1361 437
47 1362 1235 1374 1258
53 1362 1235 1374 1258
55 1350 799 1363 821
59 1409 1672 1431 1700
62 1362 1235 1374 1258
63 1435 1745 1449 1770
64 1409 1672 1430 1700
67 1362 1235 1374 1258
72 1408 1609 1429 1646
74 1433 1713 1449 1746
76 1409 1610 1430 1645
85 910 1823 921 1847
86 910 1823 921 1847
91 1347 511 1359 536
95 1347 511 1359 536
102 903 1823 928 1839
105 903 1823 928 1839
Frame: 5
2 1333 61 1350 92
3 1337 11 1351 33
8 1344 229 1356 254
10 1335 130 1350 154
12 1343 505 1359 533
14 1333 61 1350 92
15 1337 11 1351 33
20 1344 229 1356 254
22 1335 130 1350 154
23 1343 505 1359 533
29 1348 735 1361 757
33 1348 793 1362 817
35 1348 735 1361 757
47 1359 1230 1371 1253
53 1359 1230 1371 1253
55 1348 793 1362 817
59 1407 1668 1428 1695
62 1359 1229 1371 1254
63 1432 1741 1446 1766
64 1407 1668 1427 1695
67 1359 1229 1371 1254
72 1406 1603 1427 1640
74 1430 1707 1446 1739
76 1407 1603 1427 1638
85 908 1817 920 1842
86 908 1817 920 1842
91 1343 506 1357 533
95 1344 506 1358 533
102 900 1820 928 1837
105 900 1820 928 1837
113 1427 1813 1447 1838
Frame: 6
1 1346 577 1361 608
2 1332 56 1348 85
3 1334 5 1348 28
4 1348 463 1358 485
5 1334 170 1348 194
6 1343 403 1357 427
8 1343 226 1352 246
10 1333 123 1349 148
12 1341 502 1356 529
13 1346 577 1361 608
14 1332 56 1348 85
15 1334 5 1348 28
16 1348 463 1358 485
17 1333 170 1348 194
18 1343 405 1356 427
20 1343 226 1352 246
22 1333 123 1349 148
23 1341 502 1356 529
28 1346 577 1361 608
29 1345 731 1360 755
31 1348 463 1358 485
32 1341 403 1356 427
33 1346 790 1360 815
34 1347 579 1361 609
35 1345 731 1360 755
37 1348 463 1358 485
38 1343 405 1356 427
47 1357 1226 1369 1249
53 1357 1226 1369 1249
55 1346 790 1360 815
59 1405 1663 1425 1689
62 1358 1226 1369 1250
63 1430 1735 1444 1761
64 1406 1664 1425 1689
67 1358 1226 1369 1250
72 1405 1599 1424 1630
74 1428 1700 1444 1733
76 1406 1599 1424 1629
85 906 1812 916 1834
86 906 1812 916 1834
91 1342 503 1355 529
95 1342 503 1355 529
102 892 1812 930 1837
105 892 1812 929 1837
113 1425 1811 1446 1837
120 1938 1812 1946 1831
131 1941 814 1954 834
133 1945 775 1959 799
142 1956 1421 1971 1437
146 1960 1288 1974 1310
148 1373 1573 1388 1606
149 1427 1705 1439 1727
150 1373 1573 1388 1606
152 1967 1428 1981 1456
155 1964 1516 1976 1533
157 1960 1288 1974 1311
160 1422 1990 1438 2026
Frame: 7
1 1344 574 1359 605
2 1330 55 1345 84
3 1332 3 1347 27
4 1346 460 1356 481
5 1331 168 1346 193
6 1342 405 1353 424
8 1340 224 1351 245
10 1331 121 1347 147
12 1339 500 1354 526
13 1344 574 1359 605
14 1330 55 1345 84
15 1332 3 1347 27
16 1346 460 1356 481
17 1331 168 1346 193
18 1342 406 1353 423
20 1340 224 1351 245
22 1331 121 1347 147
23 1339 500 1354 526
28 1344 574 1359 605
29 1343 730 1358 754
31 1346 460 1356 481
32 1342 405 1353 424
33 1344 787 1359 812
34 1345 576 1359 606
35 1343 730 1358 754
37 1346 460 1356 481
38 1342 406 1353 423
47 1356 1223 1369 1248
53 1356 1223 1369 1248
55 1344 787 1359 812
59 1402 1660 1424 1689
62 1356 1223 1368 1248
63 1428 1734 1443 1761
64 1402 1660 1424 1689
67 1356 1223 1368 1248
72 1403 1598 1422 1630
74 1426 1698 1442 1732
76 1404 1598 1423 1630
85 904 1811 913 1831
86 904 1811 913 1831
91 1340 500 1353 526
95 1340 500 1353 526
102 889 1809 931 1837
105 889 1809 930 1836
120 1936 1810 1944 1828
131 1938 811 1951 832
133 1943 773 1956 795
142 1952 1419 1967 1435
146 1958 1286 1971 1308
148 1370 1568 1386 1603
149 1425 1701 1441 1731
150 1370 1568 1386 1603
152 1964 1425 1978 1453
155 1959 1511 1972 1531
157 1957 1286 1971 1308
160 1421 1988 1437 2024
167 1354 898 1364 916
168 1354 898 1364 916
171 1366 1304 1374 1324
172 1354 898 1364 916
174 1345 799 1357 814
175 1366 1304 1374 1324
176 1354 898 1364 916
178 1345 799 1357 814
179 1953 1418 1965 1434
180 1366 1304 1374 1324
182 1366 1304 1374 1324
185 1431 1735 1437 1762
Frame: 8
1 1343 573 1357 602
2 1327 53 1343 82
3 1330 0 1345 25
4 1344 458 1354 480
5 1330 166 1344 190
6 1340 401 1352 421
8 1338 221 1348 242
10 1329 119 1345 145
12 1338 498 1352 523
13 1343 573 1357 602
14 1327 53 1343 82
15 1330 0 1345 25
16 1344 458 1354 480
17 1330 166 1345 190
18 1341 401 1352 421
20 1338 221 1348 242
22 1329 119 1345 145
23 1338 498 1352 523
28 1343 573 1356 602
29 1341 727 1356 752
31 1344 458 1354 480
32 1340 403 1351 421
33 1342 784 1355 807
34 1343 573 1356 602
35 1341 727 1356 752
37 1344 458 1354 480
38 1341 403 1351 420
47 1354 1220 1367 1245
53 1354 1220 1367 1245
55 1342 784 1355 807
59 1401 1658 1421 1685
62 1354 1220 1367 1245
63 1426 1731 1441 1758
64 1401 1658 1421 1685
67 1354 1220 1367 1245
72 1403 1598 1418 1623
74 1424 1694 1441 1729
76 1403 1598 1420 1626
85 902 1806 912 1827
86 902 1806 912 1827
91 1339 498 1352 524
95 1339 498 1352 524
113 1420 1803 1440 1828
120 1934 1808 1942 1824
131 1936 809 1948 828
133 1940 770 1953 793
142 1949 1416 1964 1433
146 1955 1284 1968 1305
148 1368 1565 1383 1599
149 1422 1695 1442 1730
150 1368 1565 1383 1599
152 1961 1422 1974 1449
155 1957 1509 1970 1528
157 1955 1284 1969 1305
167 1352 893 1363 914
168 1352 893 1363 914
171 1365 1303 1374 1323
172 1352 893 1363 914
174 1344 799 1356 813
175 1365 1303 1374 1323
176 1352 893 1363 914
178 1344 799 1356 813
179 1951 1416 1963 1432
180 1365 1303 1374 1323
182 1365 1303 1374 1323
185 1429 1732 1436 1759
196 1935 810 1949 829
197 1942 1062 1958 1092
Frame: 9
1 1341 570 1355 599
2 1325 48 1342 78
3 1328 0 1343 22
4 1342 455 1352 477
5 1328 163 1342 187
6 1339 397 1351 418
8 1336 218 1346 239
10 1327 117 1344 143
12 1337 495 1350 520
13 1341 570 1355 599
14 1325 48 1342 78
15 1328 0 1343 22
16 1342 455 1352 477
17 1328 163 1343 187
18 1339 397 1350 417
20 1336 218 1347 239
22 1327 117 1344 143
23 1337 495 1350 520
28 1341 570 1354 599
31 1342 455 1352 477
33 1340 782 1354 804
34 1341 571 1354 599
37 1342 455 1352 477
47 1352 1217 1364 1241
53 1352 1217 1364 1241
55 1340 782 1354 804
59 1399 1656 1418 1681
62 1352 1218 1364 1241
63 1424 1728 1439 1755
64 1399 1656 1418 1681
67 1352 1218 1364 1241
72 1402 1595 1415 1618
74 1423 1690 1440 1725
76 1402 1598 1416 1620
85 901 1805 910 1824
86 901 1805 910 1824
91 1337 494 1350 520
95 1337 494 1350 520
113 1418 1800 1438 1826
120 1933 1806 1940 1821
131 1933 806 1945 825
133 1938 767 1951 789
142 1947 1412 1962 1429
146 1953 1281 1965 1300
148 1365 1563 1382 1599
149 1421 1690 1441 1727
150 1365 1563 1382 1599
152 1958 1420 1971 1446
155 1954 1505 1967 1524
157 1953 1281 1965 1300
160 1418 1978 1433 2010
167 1350 889 1363 912
168 1350 889 1363 912
171 1360 1296 1370 1317
172 1350 889 1363 912
175 1360 1296 1370 1317
176 1350 889 1363 912
179 1948 1412 1961 1428
180 1360 1296 1370 1317
182 1360 1296 1370 1317
185 1428 1729 1435 1756
196 1932 806 1946 826
197 1940 1058 1956 1089
205 1965 1712 1978 1730
209 1853 1582 1869 1600
210 901 1802 910 1825
211 901 1802 910 1825
212 1420 1646 1434 1673
213 1922 1712 1933 1729
214 1923 1659 1932 1675
215 1935 1854 1942 1868
216 1934 1907 1944 1926
217 1919 1599 1926 1613
219 1335 301 1346 322
222 1335 301 1346 322
223 1932 554 1948 575
224 1887 151 1900 172
232 1933 554 1947 575
234 1946 917 1958 936
237 1932 619 1948 642
242 1943 1146 1953 1164
244 1945 917 1957 936
Frame: 10
1 1340 567 1353 596
2 1324 47 1339 75
3 1327 0 1340 19
4 1339 452 1350 474
5 1327 160 1340 184
6 1337 398 1347 416
8 1335 216 1344 236
12 1335 492 1348 517
13 1340 567 1353 596
14 1324 47 1339 75
15 1327 0 1340 19
16 1340 453 1350 474
17 1326 160 1341 184
18 1337 398 1347 416
20 1335 216 1344 236
23 1335 492 1348 517
28 1340 568 1353 596
29 1339 720 1353 744
31 1340 453 1350 474
32 1336 398 1347 416
33 1339 778 1353 803
34 1340 568 1353 596
35 1339 720 1353 744
37 1340 453 1350 474
38 1336 398 1347 416
47 1351 1215 1362 1236
53 1351 1215 1362 1236
55 1339 778 1353 803
59 1397 1653 1417 1679
62 1351 1216 1362 1236
63 1422 1725 1437 1752
64 1397 1653 1417 1679
67 1351 1215 1362 1236
74 1421 1685 1438 1721
76 1401 1599 1413 1616
85 899 1802 908 1820
86 899 1802 908 1820
91 1335 492 1348 517
95 1335 492 1348 517
131 1932 804 1943 820
133 1937 765 1948 785
142 1945 1410 1959 1426
146 1951 1278 1964 1299
148 1365 1560 1380 1593
149 1419 1685 1439 1722
150 1365 1560 1380 1593
152 1956 1417 1969 1444
155 1951 1503 1963 1522
157 1950 1278 1964 1299
160 1415 1977 1431 2010
167 1349 886 1362 909
168 1349 887 1361 909
171 1360 1293 1369 1313
172 1349 887 1361 909
175 1360 1293 1369 1313
176 1349 887 1361 909
179 1946 1410 1958 1426
180 1360 1293 1369 1313
182 1360 1293 1369 1313
185 1426 1725 1433 1752
196 1932 804 1943 820
197 1938 1055 1954 1086
205 1962 1708 1976 1728
209 1851 1580 1866 1597
210 899 1796 910 1821
211 899 1796 910 1821
212 1420 1642 1432 1666
213 1921 1710 1931 1726
214 1922 1658 1931 1673
215 1934 1853 1941 1866
216 1934 1907 1942 1924
217 1919 1599 1925 1611
219 1335 302 1344 319
222 1335 302 1344 320
223 1929 552 1943 573
224 1886 150 1899 169
232 1929 552 1943 573
234 1944 915 1957 934
237 1930 614 1946 639
242 1941 1143 1952 1162
244 1943 914 1956 935
254 1955 1419 1969 1439
257 1400 1600 1415 1616
260 1419 1642 1431 1665
263 1928 615 1948 639
Frame: 11
1 1339 565 1352 593
2 1322 44 1338 73
3 1327 0 1338 15
4 1339 448 1349 471
5 1325 157 1339 181
6 1336 394 1346 413
8 1333 213 1343 232
10 1325 111 1340 135
12 1334 491 1347 515
13 1339 565 1352 593
14 1322 44 1338 73
15 1327 0 1338 15
16 1339 449 1349 471
17 1324 157 1339 181
18 1336 394 1347 413
20 1333 213 1343 232
22 1325 111 1340 135
23 1334 491 1347 515
28 1339 565 1352 593
29 1338 718 1352 742
31 1339 449 1349 471
32 1336 398 1346 413
33 1338 777 1352 801
34 1339 565 1352 593
35 1338 718 1352 742
37 1339 449 1349 471
38 1336 398 1346 413
47 1350 1213 1361 1234
53 1350 1213 1361 1235
55 1338 777 1352 801
59 1396 1650 1415 1675
62 1350 1214 1361 1234
63 1421 1722 1436 1749
64 1396 1650 1415 1675
67 1350 1213 1361 1235
74 1419 1680 1437 1719
76 1401 1599 1411 1612
85 897 1800 908 1822
86 897 1800 908 1822
91 1334 491 1346 515
95 1334 491 1346 515
113 1415 1794 1436 1820
131 1929 801 1941 819
133 1934 764 1946 784
142 1943 1407 1957 1423
146 1950 1276 1962 1297
148 1363 1557 1379 1592
149 1418 1680 1440 1721
150 1364 1557 1379 1590
152 1955 1416 1968 1442
155 1951 1502 1962 1519
157 1949 1276 1963 1298
160 1414 1972 1430 2006
167 1348 884 1360 907
168 1348 884 1360 906
171 1359 1291 1368 1311
172 1348 884 1360 906
175 1359 1291 1368 1311
176 1348 884 1360 906
179 1944 1407 1956 1423
180 1359 1291 1368 1311
182 1359 1291 1368 1311
185 1425 1723 1433 1750
196 1930 803 1941 819
205 1961 1705 1975 1725
209 1849 1578 1865 1596
210 897 1792 908 1818
211 897 1792 908 1818
212 1419 1640 1431 1662
213 1919 1706 1930 1724
215 1932 1849 1941 1865
216 1931 1903 1940 1922
219 1335 303 1342 317
222 1335 303 1343 318
223 1927 549 1942 570
224 1883 145 1896 165
232 1927 549 1941 570
234 1942 914 1953 931
237 1928 611 1945 636
242 1939 1140 1949 1159
244 1942 914 1953 931
254 1954 1418 1969 1439
257 1401 1599 1413 1612
260 1419 1640 1430 1661
263 1926 613 1947 638
277 1342 957 1358 989
279 1937 837 1949 856
281 1342 957 1358 989
286 1342 957 1358 989
289 1342 957 1358 989
293 1937 837 1949 856
Frame: 12
1 1337 564 1350 592
2 1321 43 1337 71
3 1326 0 1337 16
4 1336 448 1347 471
5 1324 155 1338 179
6 1333 394 1344 414
8 1331 210 1341 229
10 1324 107 1339 132
12 1333 490 1346 514
13 1337 564 1350 592
14 1321 42 1337 71
15 1326 0 1337 16
16 1336 448 1347 471
17 1324 155 1338 179
18 1333 394 1345 414
20 1331 210 1341 229
22 1324 107 1339 132
23 1333 490 1346 514
28 1337 564 1350 592
29 1336 716 1351 740
31 1336 448 1347 471
32 1334 399 1344 414
33 1336 777 1350 801
34 1337 564 1350 592
35 1336 716 1351 740
37 1336 448 1347 471
38 1334 399 1344 414
47 1348 1213 1359 1234
53 1348 1213 1359 1234
55 1336 777 1350 801
59 1394 1650 1413 1676
62 1348 1213 1359 1233
63 1420 1722 1434 1747
64 1394 1650 1413 1676
67 1348 1213 1359 1234
74 1419 1679 1435 1714
76 1401 1597 1409 1608
85 896 1799 906 1819
86 896 1799 906 1819
91 1333 490 1345 514
95 1333 490 1345 514
113 1414 1787 1436 1816
131 1927 799 1938 816
133 1932 762 1944 781
142 1941 1405 1955 1420
146 1948 1274 1960 1294
148 1362 1556 1377 1589
149 1418 1679 1437 1716
150 1362 1556 1377 1588
152 1953 1414 1966 1438
155 1949 1500 1961 1518
157 1947 1274 1961 1295
160 1413 1969 1429 2003
167 1346 884 1359 906
168 1346 883 1359 906
171 1358 1290 1367 1310
172 1346 883 1359 906
175 1358 1290 1367 1310
176 1346 883 1359 906
179 1942 1405 1954 1421
180 1358 1290 1367 1310
182 1358 1290 1367 1310
185 1423 1721 1431 1747
196 1928 801 1939 816
197 1934 1052 1951 1083
205 1960 1703 1974 1723
209 1848 1576 1864 1595
210 896 1790 907 1816
211 896 1790 907 1816
212 1416 1635 1430 1662
213 1918 1704 1929 1722
215 1931 1847 1940 1863
216 1930 1902 1939 1920
223 1925 547 1940 567
224 1882 142 1894 162
232 1926 547 1939 567
234 1940 914 1951 930
242 1936 1139 1949 1161
244 1940 914 1951 930
254 1951 1415 1968 1439
257 1398 1599 1411 1613
263 1925 611 1947 638
277 1341 957 1356 987
279 1936 835 1948 855
281 1341 957 1356 987
286 1341 957 1356 987
289 1341 957 1356 987
293 1936 835 1948 855
295 1941 982 1956 999
302 1942 983 1956 999
Frame: 13
1 1334 562 1349 591
2 1321 41 1336 69
3 1325 0 1335 14
4 1335 445 1345 468
5 1323 152 1336 176
6 1333 393 1344 411
10 1322 105 1337 130
12 1331 487 1345 512
13 1334 562 1349 591
14 1321 41 1336 69
15 1325 0 1335 14
16 1335 445 1345 468
17 1322 152 1337 176
18 1334 397 1343 411
22 1322 105 1337 130
23 1331 487 1345 512
28 1334 562 1349 591
29 1335 716 1349 739
31 1335 445 1345 468
32 1334 395 1344 411
33 1334 773 1349 797
34 1334 562 1349 591
35 1335 716 1349 739
37 1335 445 1345 468
38 1335 399 1343 412
47 1347 1210 1359 1232
53 1347 1211 1358 1233
55 1334 774 1348 798
59 1393 1648 1412 1673
62 1347 1210 1359 1232
63 1420 1719 1434 1745
64 1393 1648 1412 1673
67 1347 1211 1358 1233
74 1418 1677 1434 1711
85 895 1798 905 1818
86 895 1798 905 1818
91 1332 487 1345 512
95 1332 487 1345 512
113 1415 1789 1435 1815
131 1925 799 1937 817
133 1931 762 1942 780
142 1941 1404 1955 1419
146 1945 1273 1957 1291
148 1361 1555 1377 1588
149 1417 1677 1436 1713
150 1361 1555 1377 1588
152 1952 1413 1963 1437
155 1948 1497 1960 1516
157 1944 1273 1957 1292
160 1412 1967 1427 1998
167 1344 882 1357 905
168 1344 882 1357 905
171 1357 1288 1366 1308
172 1344 882 1357 905
175 1357 1288 1366 1308
176 1344 882 1357 905
179 1942 1404 1954 1419
180 1357 1288 1366 1308
182 1357 1288 1366 1308
185 1423 1720 1431 1746
197 1933 1050 1949 1081
205 1958 1702 1972 1721
209 1846 1576 1861 1593
210 895 1788 907 1815
211 895 1788 907 1815
212 1415 1632 1428 1659
213 1916 1703 1927 1720
216 1928 1899 1937 1918
223 1925 547 1939 566
224 1879 141 1892 161
234 1938 911 1949 928
242 1934 1137 1946 1158
244 1938 911 1949 927
254 1949 1413 1967 1438
257 1399 1599 1409 1609
277 1340 957 1355 986
279 1934 835 1945 852
281 1340 957 1355 986
286 1340 956 1355 986
289 1340 956 1355 987
293 1934 835 1945 852
295 1938 981 1954 999
302 1939 980 1953 997
311 1418 1792 1433 1816
315 1417 1782 1432 1811
Frame: 14
1 1333 560 1347 589
2 1320 41 1335 68
3 1324 0 1335 14
4 1335 445 1345 468
6 1331 391 1342 410
8 1330 210 1339 228
12 1331 487 1345 511
13 1333 560 1347 589
14 1320 41 1335 68
15 1324 0 1335 14
16 1335 445 1345 468
18 1333 398 1341 410
20 1330 210 1339 228
23 1331 487 1345 511
28 1333 560 1347 589
29 1334 715 1348 739
31 1335 445 1345 468
32 1331 391 1343 410
33 1334 771 1348 796
34 1333 560 1347 589
35 1334 715 1348 739
37 1335 445 1345 468
38 1333 399 1341 410
47 1346 1209 1358 1231
53 1346 1210 1358 1231
55 1334 771 1348 796
59 1393 1647 1412 1671
62 1346 1209 1358 1231
63 1418 1718 1433 1745
64 1393 1647 1412 1671
67 1346 1210 1357 1231
74 1417 1675 1434 1711
85 894 1797 904 1817
86 894 1797 904 1817
91 1332 487 1344 512
95 1332 487 1344 512
113 1413 1786 1433 1813
131 1924 798 1937 817
133 1930 759 1942 779
142 1940 1402 1954 1418
146 1944 1270 1958 1292
148 1360 1554 1376 1588
149 1416 1675 1435 1712
150 1360 1554 1375 1588
152 1951 1410 1963 1435
155 1946 1496 1960 1515
157 1942 1269 1958 1292
160 1411 1964 1425 1994
167 1344 881 1356 902
168 1344 880 1356 902
171 1356 1287 1366 1306
172 1344 880 1356 902
175 1356 1287 1366 1306
176 1344 880 1356 902
179 1941 1402 1953 1418
180 1356 1287 1366 1306
182 1356 1287 1366 1306
185 1421 1718 1430 1746
205 1956 1699 1971 1720
209 1845 1575 1860 1591
210 894 1786 905 1812
211 894 1786 905 1812
212 1414 1630 1427 1655
213 1916 1701 1927 1718
215 1929 1845 1936 1858
216 1927 1899 1936 1917
223 1924 545 1937 563
224 1878 142 1890 160
234 1936 909 1948 927
242 1933 1136 1945 1156
244 1936 909 1948 926
254 1948 1411 1966 1437
257 1398 1599 1405 1606
260 1414 1630 1427 1655
263 1922 609 1943 636
279 1933 834 1944 850
293 1933 834 1944 850
295 1938 980 1953 997
302 1938 980 1952 996
311 1418 1791 1433 1815
315 1417 1781 1432 1809
320 1338 626 1353 651
322 1361 1416 1372 1439
328 1362 1416 1373 1439
335 1397 1599 1407 1606
338 1338 626 1353 651
Frame: 15
1 1333 557 1348 588
2 1318 39 1334 67
3 1323 0 1333 12
4 1335 444 1345 466
5 1321 151 1335 175
6 1330 388 1342 409
8 1329 208 1338 226
12 1330 485 1344 509
13 1333 557 1348 589
14 1319 39 1335 67
15 1323 0 1333 12
16 1335 444 1345 466
17 1321 151 1335 175
18 1332 399 1340 409
20 1329 208 1338 226
23 1330 485 1344 509
28 1333 557 1348 588
29 1334 713 1348 737
31 1335 444 1345 466
32 1330 389 1343 409
33 1333 772 1347 796
34 1333 557 1348 589
35 1334 713 1348 737
37 1335 444 1345 466
38 1332 399 1340 409
47 1344 1208 1357 1231
53 1344 1209 1357 1231
55 1333 772 1347 796
59 1391 1645 1410 1670
62 1345 1209 1356 1230
63 1418 1717 1432 1744
64 1391 1645 1410 1670
67 1345 1209 1356 1230
74 1416 1673 1433 1709
85 893 1794 904 1815
86 893 1794 904 1815
91 1331 485 1344 509
95 1331 485 1344 509
113 1412 1786 1433 1813
131 1924 798 1937 816
133 1929 759 1941 778
142 1938 1402 1952 1418
146 1943 1269 1957 1292
148 1358 1552 1374 1586
149 1415 1673 1435 1711
150 1358 1552 1374 1586
152 1951 1410 1963 1434
155 1944 1495 1958 1515
157 1942 1268 1957 1292
160 1410 1964 1425 1996
167 1343 880 1356 902
168 1343 880 1356 902
171 1354 1281 1366 1305
172 1343 880 1356 902
175 1354 1281 1366 1305
176 1343 880 1356 902
179 1939 1402 1952 1418
180 1354 1281 1366 1305
182 1354 1281 1366 1305
185 1421 1718 1430 1744
197 1930 1047 1947 1079
205 1954 1698 1971 1721
209 1842 1572 1859 1591
210 893 1782 906 1812
211 893 1782 906 1812
212 1413 1627 1426 1652
213 1914 1699 1927 1720
215 1928 1843 1935 1856
216 1925 1898 1935 1915
223 1922 544 1937 564
224 1876 140 1888 158
232 1922 544 1936 564
234 1934 907 1947 925
242 1932 1135 1943 1155
244 1934 907 1947 924
254 1947 1409 1966 1436
257 1398 1599 1402 1603
260 1413 1627 1426 1653
263 1921 607 1943 635
277 1339 951 1352 975
281 1339 951 1352 975
286 1340 951 1352 975
289 1340 951 1351 975
295 1936 979 1952 997
302 1937 979 1951 995
311 1415 1787 1431 1814
315 1413 1775 1432 1809
320 1338 626 1353 651
322 1360 1414 1372 1439
328 1361 1414 1373 1439
335 1397 1600 1403 1604
338 1338 626 1353 651
353 1359 1414 1373 1459
355 1359 1414 1373 1459
Frame: 16
1 1332 555 1347 585
2 1317 38 1333 68
3 1322 0 1331 10
4 1333 442 1344 464
5 1320 148 1334 172
6 1328 386 1341 407
8 1327 206 1336 223
12 1330 485 1343 509
13 1332 555 1347 587
14 1317 38 1334 68
15 1322 0 1331 10
16 1333 442 1344 464
17 1319 148 1334 172
18 1331 398 1338 407
20 1327 206 1336 223
23 1330 485 1343 509
28 1332 555 1347 585
29 1333 712 1348 737
31 1333 442 1344 464
32 1328 386 1342 407
33 1332 769 1348 794
34 1332 555 1347 587
35 1332 711 1347 735
37 1333 442 1344 464
38 1331 398 1338 407
47 1344 1207 1357 1230
53 1344 1207 1356 1230
55 1332 769 1348 794
59 1390 1645 1409 1670
62 1345 1207 1357 1229
63 1416 1717 1432 1745
64 1390 1645 1409 1670
67 1344 1207 1356 1229
74 1414 1673 1432 1711
85 893 1794 903 1814
86 893 1794 903 1814
91 1330 486 1343 509
95 1330 486 1343 509
113 1411 1787 1430 1813
131 1925 798 1936 813
133 1927 756 1941 777
142 1937 1400 1951 1416
146 1941 1267 1956 1290
148 1358 1551 1374 1585
149 1414 1673 1434 1713
150 1358 1551 1374 1585
152 1949 1410 1961 1434
155 1943 1494 1957 1514
157 1941 1267 1956 1290
160 1409 1964 1425 1996
167 1342 878 1354 900
168 1342 878 1354 900
171 1353 1278 1365 1304
172 1342 878 1354 900
175 1353 1278 1365 1304
176 1342 878 1355 900
179 1938 1400 1950 1416
180 1353 1278 1365 1304
182 1353 1278 1365 1304
185 1419 1717 1430 1745
197 1928 1045 1945 1077
205 1953 1698 1969 1720
209 1841 1571 1857 1589
210 892 1783 904 1811
211 892 1783 904 1811
213 1913 1700 1924 1718
214 1914 1649 1923 1663
216 1925 1899 1934 1916
223 1921 543 1936 563
224 1875 140 1887 158
232 1922 543 1936 563
242 1931 1133 1943 1153
254 1947 1410 1964 1435
263 1922 610 1941 635
277 1339 950 1352 973
281 1339 950 1352 973
286 1339 950 1351 973
289 1339 950 1351 973
295 1935 978 1952 996
302 1936 977 1951 995
311 1413 1788 1429 1814
315 1413 1775 1430 1808
322 1359 1414 1371 1439
328 1359 1414 1371 1439
353 1359 1414 1371 1454
355 1359 1414 1371 1454
Frame: 17
2 1317 37 1333 67
6 1328 388 1340 407
8 1328 205 1338 225
12 1328 486 1342 510
14 1317 37 1333 67
20 1328 205 1338 225
23 1328 486 1342 510
29 1332 712 1347 737
32 1328 388 1341 407
33 1332 769 1347 794
35 1332 712 1347 737
47 1343 1207 1356 1230
53 1343 1207 1355 1230
55 1332 769 1347 794
59 1389 1645 1409 1670
62 1343 1207 1355 1229
63 1415 1716 1431 1745
64 1389 1645 1409 1670
67 1343 1207 1355 1229
74 1413 1671 1432 1711
85 892 1793 903 1813
86 892 1793 903 1813
91 1328 486 1341 510
95 1328 486 1341 510
113 1412 1787 1430 1812
120 1924 1793 1931 1809
131 1923 799 1935 814
133 1925 757 1940 778
142 1936 1398 1951 1416
146 1940 1267 1955 1291
148 1358 1550 1374 1585
149 1413 1672 1434 1712
150 1358 1550 1374 1585
152 1947 1409 1960 1434
155 1942 1492 1957 1514
157 1939 1267 1955 1291
160 1408 1959 1424 1993
167 1341 879 1354 903
168 1341 879 1354 903
171 1352 1282 1363 1304
172 1341 879 1354 903
175 1352 1282 1363 1304
176 1341 879 1354 903
179 1937 1398 1950 1416
180 1352 1282 1363 1304
182 1352 1282 1363 1304
185 1418 1716 1429 1746
197 1928 1047 1944 1077
205 1952 1697 1968 1718
210 892 1781 904 1808
211 892 1781 904 1808
213 1913 1698 1925 1718
214 1913 1647 1921 1661
216 1925 1896 1934 1912
223 1920 543 1935 563
224 1875 138 1887 156
232 1920 543 1935 563
237 1915 579 1928 598
242 1929 1133 1942 1154
254 1945 1408 1962 1434
263 1921 611 1939 634
277 1339 950 1351 972
281 1339 950 1351 972
286 1339 950 1350 972
289 1339 950 1350 972
295 1934 976 1951 995
302 1934 977 1949 994
311 1412 1786 1428 1813
315 1412 1773 1430 1806
322 1357 1414 1370 1439
328 1358 1414 1370 1439
353 1358 1414 1371 1457
355 1358 1414 1371 1457
380 1408 1960 1426 1994
Frame: 18
1 1331 557 1345 584
2 1316 37 1332 66
4 1332 441 1343 464
5 1319 150 1333 173
6 1327 387 1339 407
8 1327 206 1336 224
12 1329 486 1341 508
13 1331 557 1345 585
14 1316 37 1332 66
16 1333 441 1344 464
17 1319 150 1333 173
20 1327 206 1336 224
23 1329 486 1341 508
28 1331 557 1345 584
29 1331 712 1345 735
31 1333 441 1344 464
32 1327 387 1340 407
33 1331 770 1346 793
34 1331 557 1345 586
35 1331 712 1345 735
37 1333 441 1344 464
47 1343 1207 1354 1228
53 1343 1207 1354 1228
55 1331 770 1346 793
59 1388 1644 1407 1668
62 1343 1207 1354 1228
63 1414 1716 1430 1745
64 1388 1644 1407 1668
67 1343 1207 1354 1228
74 1413 1671 1431 1710
85 892 1794 902 1813
86 892 1794 902 1813
91 1329 486 1341 508
95 1329 486 1341 508
113 1411 1788 1428 1811
120 1922 1792 1930 1808
131 1921 796 1934 812
133 1925 757 1938 777
142 1935 1399 1948 1415
146 1938 1267 1953 1290
148 1357 1549 1374 1585
149 1413 1671 1433 1711
150 1356 1550 1373 1585
152 1946 1408 1959 1433
155 1941 1493 1955 1513
157 1938 1267 1953 1290
160 1407 1957 1423 1991
167 1341 877 1355 902
168 1340 878 1354 903
171 1352 1282 1362 1304
172 1341 877 1355 902
175 1352 1282 1362 1304
176 1341 877 1355 902
179 1935 1399 1948 1415
180 1352 1282 1362 1304
182 1352 1282 1362 1304
185 1417 1716 1428 1746
197 1929 1049 1943 1076
205 1951 1698 1965 1717
209 1839 1571 1855 1589
210 891 1782 903 1808
211 891 1782 903 1808
212 1411 1626 1424 1649
213 1912 1698 1923 1716
215 1926 1841 1934 1856
216 1924 1895 1933 1911
223 1918 543 1933 562
224 1874 137 1885 154
232 1919 544 1933 563
234 1933 907 1945 923
237 1914 574 1926 593
242 1928 1132 1941 1153
244 1933 907 1945 923
254 1944 1408 1961 1434
260 1411 1626 1423 1649
263 1920 610 1938 633
277 1339 950 1350 970
279 1928 830 1939 848
281 1339 950 1350 970
286 1339 950 1350 970
289 1339 950 1350 971
295 1933 977 1948 994
302 1933 977 1948 994
322 1357 1413 1370 1439
328 1357 1413 1370 1439
353 1357 1414 1370 1457
355 1357 1414 1370 1457
380 1407 1958 1426 1993
385 989 1745 1001 1770
Frame: 19
1 1330 555 1344 582
2 1317 37 1333 65
4 1331 439 1341 462
5 1318 148 1332 172
6 1326 385 1338 405
8 1326 206 1336 225
12 1328 486 1341 509
13 1330 555 1344 583
14 1317 37 1333 65
16 1331 439 1342 462
17 1318 148 1332 172
20 1326 206 1336 225
23 1328 486 1341 509
28 1330 555 1344 582
29 1331 713 1345 736
31 1331 439 1342 462
32 1325 385 1339 405
33 1331 769 1345 793
34 1330 555 1344 584
35 1331 713 1345 736
37 1331 439 1342 462
47 1342 1207 1354 1228
53 1342 1207 1354 1228
55 1331 769 1345 793
59 1388 1644 1407 1669
62 1342 1207 1354 1228
63 1413 1716 1429 1745
64 1388 1644 1407 1669
67 1342 1207 1354 1228
74 1413 1672 1430 1708
85 891 1794 902 1813
86 891 1794 902 1813
91 1328 486 1341 509
95 1328 486 1341 509
113 1410 1787 1426 1809
120 1921 1792 1930 1809
131 1920 795 1932 810
133 1924 756 1938 778
142 1934 1398 1948 1415
146 1938 1268 1952 1290
148 1356 1549 1374 1585
149 1412 1672 1431 1709
150 1356 1549 1373 1585
152 1944 1408 1958 1434
155 1940 1492 1955 1514
157 1938 1268 1952 1290
160 1409 1960 1423 1991
167 1340 878 1353 900
168 1340 878 1353 900
171 1352 1283 1362 1304
172 1340 878 1353 900
175 1352 1283 1362 1304
176 1340 878 1353 900
179 1934 1398 1948 1415
180 1352 1283 1362 1304
182 1352 1283 1362 1304
185 1416 1716 1427 1745
197 1928 1048 1941 1074
205 1950 1698 1964 1717
209 1839 1571 1855 1589
210 891 1783 903 1808
211 891 1783 903 1808
212 1411 1626 1424 1651
213 1911 1699 1922 1717
214 1912 1648 1921 1662
215 1925 1839 1934 1854
216 1923 1896 1933 1912
223 1918 542 1934 562
232 1918 542 1933 563
234 1932 905 1943 922
242 1927 1132 1940 1152
244 1932 905 1943 922
254 1944 1408 1960 1433
260 1411 1626 1424 1651
263 1920 610 1937 633
277 1338 950 1350 971
279 1926 829 1938 847
281 1338 950 1350 971
286 1339 950 1350 971
289 1339 950 1350 971
295 1932 975 1948 994
302 1933 976 1947 993
322 1356 1412 1370 1439
328 1356 1412 1370 1439
353 1357 1411 1370 1453
355 1357 1411 1370 1453
380 1409 1961 1425 1992
385 990 1745 999 1766
408 1390 1599 1405 1602
409 1390 1599 1405 1602
Frame: 20
1 1331 555 1345 583
2 1317 35 1333 63
4 1332 442 1342 464
5 1319 147 1333 171
6 1327 386 1339 405
8 1326 204 1337 223
12 1327 484 1340 507
13 1331 555 1345 583
14 1317 35 1333 63
16 1332 442 1343 464
17 1319 147 1333 171
20 1327 204 1337 223
23 1327 484 1340 507
28 1331 555 1345 583
29 1331 712 1345 735
31 1332 442 1342 463
32 1326 386 1339 406
33 1331 769 1345 793
34 1331 556 1345 583
35 1331 712 1345 735
37 1332 442 1342 463
47 1342 1206 1354 1228
53 1342 1206 1354 1228
55 1331 770 1345 793
59 1388 1644 1406 1668
62 1342 1206 1354 1228
63 1414 1715 1430 1745
64 1388 1644 1406 1668
67 1342 1206 1354 1228
74 1413 1671 1431 1708
85 892 1793 902 1811
86 892 1793 902 1811
91 1327 484 1340 507
95 1327 484 1340 507
113 1410 1787 1426 1810
120 1920 1790 1929 1808
133 1923 755 1938 777
142 1934 1397 1948 1414
146 1937 1266 1953 1291
148 1356 1547 1373 1582
149 1412 1671 1431 1709
150 1356 1547 1374 1582
152 1944 1407 1958 1432
155 1940 1491 1954 1512
157 1937 1267 1954 1291
160 1409 1959 1423 1989
167 1340 878 1353 900
168 1340 878 1353 900
171 1351 1282 1362 1304
172 1340 877 1353 901
175 1351 1282 1362 1304
176 1340 877 1353 901
179 1934 1397 1947 1414
180 1351 1282 1362 1304
182 1351 1282 1362 1304
185 1416 1715 1428 1745
197 1926 1047 1942 1077
205 1950 1697 1965 1717
209 1839 1570 1855 1588
210 891 1781 903 1806
211 891 1781 903 1806
212 1410 1625 1424 1650
213 1911 1697 1923 1716
214 1911 1647 1920 1661
216 1923 1895 1933 1912
223 1917 541 1932 560
232 1917 541 1932 560
242 1926 1132 1940 1153
254 1943 1406 1959 1431
260 1410 1626 1424 1650
263 1918 609 1936 632
277 1337 949 1350 971
281 1337 949 1350 971
286 1337 950 1349 971
289 1338 950 1349 971
295 1932 975 1948 993
302 1933 976 1947 994
311 1412 1787 1427 1810
320 1330 616 1345 640
322 1356 1410 1370 1439
328 1356 1410 1370 1439
338 1330 616 1345 640
353 1357 1411 1369 1451
355 1357 1411 1369 1451
380 1409 1959 1424 1989
408 1394 1599 1403 1601
409 1394 1599 1403 1601
434 1916 799 1935 813
Frame: 21
1 1330 555 1344 584
2 1316 35 1332 64
4 1330 442 1341 463
5 1318 147 1332 171
6 1325 387 1338 406
8 1325 204 1336 223
12 1326 483 1339 506
13 1331 556 1344 583
14 1316 35 1332 64
16 1330 442 1341 463
17 1318 147 1332 171
20 1326 205 1336 223
23 1326 483 1339 506
28 1330 555 1344 584
29 1331 711 1345 734
31 1331 443 1341 463
32 1326 386 1339 406
33 1330 768 1345 792
34 1331 556 1344 583
35 1331 711 1345 734
37 1331 443 1341 463
47 1342 1205 1353 1226
53 1342 1205 1353 1226
55 1330 769 1345 792
59 1388 1644 1406 1668
62 1341 1206 1352 1227
63 1413 1715 1428 1742
64 1388 1644 1406 1668
67 1341 1206 1352 1226
74 1412 1669 1429 1705
85 891 1792 901 1810
86 891 1792 901 1810
91 1326 483 1339 506
95 1326 483 1339 506
113 1409 1785 1425 1808
133 1923 755 1937 776
142 1933 1397 1947 1414
146 1936 1265 1952 1289
148 1355 1548 1374 1586
149 1411 1669 1430 1705
150 1355 1548 1374 1586
152 1943 1406 1956 1430
155 1939 1492 1952 1512
157 1937 1265 1952 1289
160 1407 1958 1422 1989
167 1340 877 1352 899
168 1340 877 1352 899
171 1351 1281 1362 1303
172 1340 877 1352 899
175 1351 1281 1362 1303
176 1340 877 1353 899
179 1934 1397 1947 1414
180 1351 1281 1362 1303
182 1351 1281 1362 1303
185 1415 1715 1427 1742
197 1925 1045 1941 1077
205 1948 1696 1965 1718
209 1837 1569 1854 1587
210 891 1779 902 1804
211 891 1779 902 1804
212 1410 1624 1423 1649
213 1911 1697 1923 1717
216 1922 1894 1933 1911
223 1915 541 1931 561
232 1916 541 1931 561
242 1925 1131 1939 1153
254 1942 1405 1959 1431
260 1410 1624 1423 1649
277 1336 949 1349 970
281 1336 949 1349 970
286 1337 948 1348 969
289 1337 948 1348 969
295 1932 976 1946 992
302 1933 976 1946 993
311 1411 1786 1426 1809
320 1329 615 1344 639
322 1355 1409 1370 1439
328 1355 1409 1370 1439
338 1329 615 1344 639
380 1407 1959 1423 1989
408 1395 1599 1401 1600
409 1395 1599 1401 1600
434 1916 799 1935 813
Frame: 22
1 1329 554 1343 582
2 1315 34 1331 62
4 1329 440 1340 462
5 1317 146 1331 169
6 1324 385 1337 405
8 1325 204 1336 224
12 1325 484 1339 507
13 1330 554 1343 582
14 1315 34 1331 62
16 1329 440 1340 462
17 1317 146 1331 169
20 1325 204 1336 224
23 1325 484 1339 507
28 1329 554 1343 582
29 1330 712 1344 734
31 1330 441 1340 462
32 1325 385 1338 405
33 1329 769 1344 793
34 1330 554 1343 582
35 1330 712 1344 735
37 1330 441 1340 462
47 1341 1205 1353 1227
53 1341 1205 1353 1227
55 1330 769 1345 793
59 1387 1642 1406 1667
62 1341 1205 1353 1227
63 1412 1714 1428 1742
64 1387 1642 1406 1667
67 1341 1205 1353 1227
74 1411 1668 1429 1707
85 889 1792 900 1810
86 889 1792 900 1810
91 1326 484 1339 507
95 1326 484 1339 507
113 1409 1785 1427 1809
131 1916 791 1931 811
133 1923 756 1936 775
142 1933 1396 1947 1413
146 1935 1265 1950 1289
148 1355 1547 1372 1582
149 1411 1668 1430 1707
150 1354 1547 1372 1582
152 1943 1407 1957 1431
155 1939 1491 1952 1511
157 1935 1266 1951 1290
160 1406 1958 1422 1990
167 1338 876 1351 899
168 1338 876 1351 899
171 1351 1282 1361 1303
172 1338 876 1351 899
175 1351 1282 1361 1303
176 1338 876 1351 899
179 1933 1396 1947 1413
180 1351 1282 1361 1303
182 1351 1282 1361 1303
185 1414 1714 1427 1742
205 1948 1696 1964 1717
209 1837 1569 1853 1587
210 889 1779 901 1804
211 889 1779 901 1804
212 1409 1624 1421 1647
213 1910 1696 1923 1715
223 1916 541 1931 560
232 1916 542 1931 560
242 1925 1131 1938 1152
254 1941 1407 1958 1433
260 1408 1624 1421 1647
277 1335 948 1348 970
281 1335 948 1348 970
286 1335 948 1348 970
289 1335 948 1348 970
295 1930 974 1946 993
302 1931 974 1946 993
311 1411 1785 1426 1810
315 1410 1771 1427 1802
320 1328 614 1343 638
322 1354 1409 1369 1439
328 1354 1409 1369 1439
338 1328 614 1343 638
380 1406 1959 1423 1992
434 1916 799 1932 810
461 1323 399 1338 406
463 1324 399 1338 406
Frame: 23
2 1315 35 1330 61
5 1317 148 1331 172
6 1326 386 1338 406
8 1324 204 1335 225
12 1325 484 1338 507
14 1316 35 1331 61
17 1317 148 1331 172
20 1324 204 1335 224
23 1325 484 1338 507
29 1329 712 1343 734
32 1326 386 1338 406
33 1329 769 1344 793
35 1329 712 1343 735
47 1341 1206 1352 1226
53 1341 1206 1352 1226
55 1329 769 1344 793
59 1387 1643 1405 1667
62 1341 1206 1352 1226
63 1412 1714 1428 1742
64 1387 1643 1405 1667
67 1341 1206 1352 1226
74 1411 1669 1429 1706
85 888 1793 899 1811
86 888 1793 899 1811
91 1325 484 1338 507
95 1325 484 1338 507
113 1408 1784 1427 1810
131 1915 791 1930 811
133 1922 756 1934 774
142 1931 1396 1945 1413
146 1934 1266 1949 1288
148 1356 1548 1372 1581
149 1411 1669 1430 1706
150 1355 1548 1371 1581
152 1942 1406 1956 1433
155 1937 1491 1952 1512
157 1934 1266 1949 1289
160 1406 1959 1421 1990
167 1337 875 1351 899
168 1337 875 1351 899
171 1350 1282 1361 1304
172 1337 875 1351 899
175 1350 1282 1361 1304
176 1338 875 1352 899
179 1931 1396 1945 1413
180 1350 1282 1361 1304
182 1350 1282 1361 1304
185 1414 1714 1427 1742
205 1947 1696 1963 1717
209 1836 1569 1852 1587
210 888 1781 900 1806
211 888 1781 900 1806
212 1407 1625 1420 1648
213 1909 1695 1922 1716
223 1915 540 1930 559
232 1915 541 1930 559
234 1929 905 1940 920
242 1925 1131 1937 1151
244 1929 905 1940 920
254 1940 1407 1957 1433
260 1407 1625 1420 1648
277 1335 948 1348 969
281 1335 947 1347 968
286 1335 947 1347 968
289 1335 947 1348 969
295 1930 974 1945 992
302 1930 974 1945 992
311 1409 1784 1426 1810
315 1409 1769 1426 1801
322 1353 1408 1368 1439
328 1353 1408 1368 1439
380 1405 1959 1422 1991
434 1915 799 1932 811
461 1324 399 1338 406
463 1324 399 1338 406
470 1324 127 1335 143
472 1324 127 1335 143
Frame: 24
1 1331 554 1343 577
2 1315 35 1330 61
4 1329 441 1339 462
5 1317 147 1331 171
6 1325 385 1338 406
8 1323 203 1334 223
12 1324 483 1337 506
13 1331 554 1343 577
14 1315 35 1330 61
16 1329 441 1339 462
17 1317 147 1331 171
20 1323 203 1334 223
23 1324 483 1337 506
28 1331 554 1343 577
29 1329 708 1343 731
31 1329 441 1340 462
32 1324 385 1338 406
33 1329 769 1343 792
34 1331 554 1343 577
35 1329 708 1343 731
37 1328 441 1339 462
47 1340 1205 1351 1225
53 1340 1205 1351 1225
55 1330 769 1344 792
59 1386 1642 1404 1666
62 1340 1205 1351 1225
63 1413 1713 1427 1740
64 1386 1642 1404 1666
67 1340 1205 1351 1225
74 1410 1667 1428 1704
85 888 1792 898 1810
86 888 1792 898 1810
91 1324 483 1337 506
95 1324 483 1337 506
113 1407 1783 1426 1809
131 1914 790 1929 810
133 1921 756 1933 773
142 1929 1395 1944 1412
146 1933 1265 1947 1288
148 1355 1547 1371 1580
149 1410 1667 1429 1705
150 1354 1547 1370 1580
152 1941 1406 1955 1432
155 1936 1490 1951 1511
157 1933 1265 1948 1288
160 1405 1958 1421 1989
167 1336 874 1350 898
168 1336 874 1350 898
171 1349 1278 1361 1303
172 1336 874 1350 898
175 1349 1278 1361 1303
176 1337 874 1351 898
179 1930 1395 1944 1412
180 1349 1278 1361 1303
182 1349 1278 1361 1303
185 1414 1713 1426 1740
205 1946 1695 1962 1716
209 1834 1568 1851 1586
210 887 1779 899 1805
211 887 1779 899 1805
212 1406 1623 1419 1647
213 1908 1694 1922 1716
234 1928 904 1938 919
242 1924 1130 1936 1150
244 1928 904 1939 919
254 1939 1406 1956 1433
260 1406 1623 1419 1647
277 1334 947 1347 968
281 1335 946 1347 967
286 1335 946 1347 967
289 1334 947 1347 968
295 1929 973 1944 991
302 1929 973 1944 991
311 1409 1783 1425 1810
320 1330 617 1344 638
322 1353 1408 1368 1439
328 1353 1408 1369 1439
338 1330 617 1345 640
380 1405 1959 1422 1991
434 1915 799 1931 811
461 1324 399 1338 406
463 1324 399 1338 406
470 1324 128 1335 144
472 1324 128 1335 144
Frame: 25
1 1331 554 1344 581
2 1314 32 1330 60
4 1328 440 1339 460
5 1317 144 1331 169
6 1325 385 1337 404
8 1324 202 1336 224
12 1324 482 1338 505
13 1331 554 1344 581
14 1314 32 1330 60
16 1328 440 1339 460
17 1317 144 1331 169
20 1324 202 1336 224
23 1324 482 1338 505
28 1331 554 1344 581
29 1329 710 1343 731
31 1328 440 1339 460
32 1325 384 1338 404
33 1328 768 1343 792
34 1331 554 1344 581
35 1329 710 1343 731
37 1327 440 1338 460
47 1340 1205 1351 1226
53 1339 1204 1351 1226
55 1328 768 1343 792
59 1386 1642 1404 1666
62 1339 1204 1351 1226
63 1413 1712 1428 1739
64 1386 1642 1404 1666
67 1340 1205 1351 1226
74 1411 1666 1429 1702
91 1324 482 1338 505
95 1324 482 1338 505
113 1409 1783 1426 1808
133 1921 754 1935 774
142 1930 1395 1944 1412
146 1933 1265 1948 1288
148 1356 1547 1371 1578
149 1411 1666 1429 1702
150 1355 1546 1371 1578
152 1941 1405 1955 1430
155 1937 1490 1951 1510
157 1933 1265 1948 1288
160 1405 1956 1421 1987
167 1337 875 1351 900
168 1336 876 1350 900
171 1349 1279 1361 1303
172 1337 875 1351 900
175 1349 1279 1361 1303
176 1337 875 1351 900
179 1930 1395 1944 1412
180 1349 1279 1361 1303
182 1349 1279 1361 1303
185 1414 1712 1427 1739
197 1923 1042 1940 1075
205 1946 1693 1964 1716
210 887 1778 899 1803
211 887 1778 899 1803
212 1407 1619 1421 1644
213 1909 1694 1922 1715
234 1929 904 1941 920
242 1923 1131 1936 1151
244 1929 904 1941 920
254 1941 1405 1957 1430
260 1407 1619 1421 1644
277 1335 948 1348 970
281 1335 948 1348 970
286 1335 947 1348 969
289 1335 947 1348 969
295 1930 974 1944 991
302 1930 974 1944 992
311 1410 1784 1426 1808
320 1330 618 1344 639
322 1353 1406 1368 1439
328 1353 1406 1368 1439
338 1330 618 1345 639
353 1352 1406 1367 1453
355 1352 1406 1367 1453
380 1405 1957 1421 1987
470 1324 124 1335 140
472 1324 124 1335 140
490 1335 507 1346 525
491 1335 507 1346 525
493 1335 507 1346 525
494 1335 507 1346 525
495 1349 1350 1360 1371
496 1348 1350 1361 1371
497 1348 1350 1361 1371
499 1349 1350 1360 1371
Frame: 26
1 1331 555 1342 577
2 1314 33 1329 60
4 1329 442 1339 462
5 1316 145 1331 169
6 1324 384 1337 403
8 1324 203 1336 224
12 1324 481 1337 504
13 1331 555 1342 577
14 1314 33 1329 60
16 1329 442 1339 462
17 1316 145 1331 170
20 1324 203 1336 224
23 1324 481 1337 504
28 1331 555 1342 577
29 1328 710 1343 732
31 1328 442 1338 462
32 1324 383 1337 403
33 1328 768 1343 791
34 1331 555 1342 578
35 1328 710 1343 732
37 1328 442 1338 462
47 1340 1204 1351 1225
53 1339 1204 1351 1225
55 1328 768 1343 791
59 1387 1643 1405 1667
62 1340 1204 1351 1225
63 1413 1713 1428 1740
64 1387 1643 1405 1667
67 1340 1204 1351 1225
74 1412 1668 1429 1702
85 888 1792 898 1811
86 888 1792 898 1811
91 1324 481 1337 504
95 1324 481 1337 504
113 1411 1785 1426 1808
131 1914 789 1930 809
133 1920 754 1934 773
142 1930 1396 1944 1412
146 1933 1265 1948 1288
148 1354 1547 1371 1580
149 1412 1667 1429 1702
150 1354 1547 1371 1580
152 1941 1406 1955 1431
155 1936 1491 1950 1511
157 1933 1265 1948 1288
160 1405 1955 1420 1985
167 1337 874 1351 899
168 1337 874 1351 899
171 1349 1279 1360 1301
172 1337 874 1351 899
175 1349 1279 1360 1301
176 1337 874 1351 899
179 1931 1396 1944 1412
180 1349 1279 1360 1301
182 1349 1279 1360 1301
185 1414 1713 1427 1740
197 1922 1042 1938 1073
205 1946 1694 1963 1716
209 1834 1569 1850 1587
210 887 1779 899 1804
211 887 1779 899 1804
212 1407 1620 1420 1644
213 1909 1695 1922 1715
215 1923 1840 1930 1853
223 1913 540 1929 560
232 1913 540 1929 560
234 1927 903 1940 920
242 1923 1129 1936 1150
244 1927 903 1940 920
254 1941 1406 1956 1430
260 1407 1620 1420 1644
277 1334 946 1347 968
281 1334 946 1347 968
286 1334 946 1347 968
289 1334 946 1347 969
295 1929 973 1944 990
302 1929 973 1944 992
311 1413 1786 1426 1808
320 1330 617 1344 638
322 1352 1407 1367 1439
328 1352 1407 1367 1439
338 1330 617 1344 638
353 1352 1407 1366 1454
355 1352 1405 1366 1452
380 1405 1957 1421 1986
470 1323 123 1335 140
472 1323 123 1335 140
490 1335 508 1346 525
491 1335 508 1346 525
493 1335 508 1346 525
494 1335 508 1346 525
495 1349 1349 1360 1371
496 1348 1349 1361 1371
497 1348 1349 1361 1371
499 1349 1349 1360 1371
Frame: 27
1 1331 554 1341 575
2 1314 33 1330 61
4 1328 441 1338 461
5 1316 144 1330 168
8 1324 203 1335 223
12 1324 482 1337 504
13 1331 554 1341 575
14 1314 33 1330 61
16 1328 441 1338 461
17 1315 144 1330 169
20 1324 203 1335 223
23 1325 482 1338 504
28 1331 554 1341 575
29 1327 709 1342 733
31 1327 441 1338 461
33 1327 766 1343 790
34 1330 555 1342 576
35 1327 709 1342 733
37 1327 441 1337 461
47 1339 1202 1351 1225
53 1339 1202 1351 1225
55 1327 766 1343 790
59 1387 1641 1405 1666
62 1339 1203 1351 1225
63 1413 1713 1428 1740
64 1387 1641 1406 1666
67 1339 1203 1351 1225
74 1411 1668 1428 1702
85 887 1790 899 1810
86 887 1790 899 1810
91 1325 482 1337 504
95 1325 482 1337 504
113 1412 1785 1427 1808
131 1914 789 1929 809
133 1919 752 1934 773
142 1929 1395 1943 1412
146 1933 1263 1948 1286
148 1354 1546 1371 1580
149 1412 1668 1429 1702
150 1354 1546 1371 1580
152 1940 1405 1954 1430
155 1935 1489 1950 1510
157 1933 1264 1947 1287
167 1336 873 1351 899
168 1336 873 1350 898
171 1348 1275 1361 1302
172 1336 873 1351 899
175 1348 1276 1361 1302
176 1336 873 1351 899
179 1930 1395 1943 1412
180 1348 1276 1361 1302
182 1348 1276 1361 1302
185 1414 1713 1427 1740
197 1922 1042 1938 1074
205 1945 1693 1962 1715
209 1833 1567 1851 1587
210 887 1777 899 1804
211 887 1777 899 1804
212 1406 1619 1420 1643
213 1908 1694 1921 1713
215 1921 1838 1930 1853
216 1920 1892 1931 1909
223 1912 540 1928 559
232 1913 540 1928 559
234 1926 902 1939 920
242 1922 1129 1935 1150
244 1927 902 1939 920
254 1940 1405 1955 1430
260 1406 1619 1420 1643
277 1334 947 1347 969
281 1334 947 1347 968
286 1334 947 1347 968
289 1334 947 1347 968
311 1412 1785 1427 1808
320 1330 618 1346 642
322 1352 1408 1367 1439
328 1351 1408 1366 1439
338 1330 618 1346 642
353 1351 1407 1365 1453
434 1914 799 1929 810
470 1324 126 1335 142
490 1335 507 1346 524
491 1335 507 1346 524
493 1335 507 1346 524
494 1335 507 1346 524
Frame: 28
2 1314 33 1329 60
4 1328 441 1339 462
5 1315 145 1329 169
6 1324 386 1336 405
12 1324 484 1337 505
14 1314 33 1329 60
16 1328 441 1339 462
17 1315 145 1330 169
23 1324 484 1337 505
29 1326 707 1342 732
31 1328 441 1339 462
32 1324 386 1336 405
33 1327 766 1342 790
35 1326 707 1342 732
37 1328 441 1338 462
47 1338 1202 1351 1224
53 1338 1201 1351 1224
55 1327 766 1342 790
59 1386 1642 1404 1665
62 1338 1202 1351 1225
63 1413 1714 1427 1739
64 1386 1642 1404 1665
67 1339 1202 1351 1224
74 1412 1669 1427 1700
85 887 1789 898 1809
86 887 1789 898 1809
91 1324 484 1337 505
95 1324 484 1337 505
113 1409 1785 1425 1809
131 1912 788 1928 809
133 1918 751 1933 772
142 1928 1394 1942 1411
146 1932 1262 1947 1285
148 1353 1546 1370 1580
149 1412 1669 1427 1700
150 1353 1546 1370 1580
152 1939 1404 1954 1430
155 1934 1488 1950 1510
157 1932 1263 1946 1286
167 1337 873 1350 895
168 1337 873 1350 895
171 1347 1273 1361 1302
172 1337 873 1350 895
175 1347 1274 1361 1303
176 1337 873 1350 895
179 1929 1394 1942 1411
180 1347 1274 1361 1303
182 1347 1274 1361 1303
185 1413 1714 1426 1739
197 1921 1041 1937 1073
205 1944 1692 1961 1715
209 1833 1566 1850 1586
210 887 1778 899 1804
211 887 1778 899 1804
213 1908 1693 1920 1713
215 1920 1837 1929 1852
216 1920 1891 1930 1908
242 1921 1128 1934 1149
254 1939 1404 1955 1430
277 1334 944 1347 967
281 1334 944 1347 966
286 1334 944 1347 966
289 1334 944 1347 966
311 1410 1785 1425 1809
315 1410 1774 1425 1802
320 1329 618 1345 640
322 1352 1408 1367 1439
328 1352 1408 1366 1439
338 1329 617 1345 640
434 1913 799 1929 810
470 1323 126 1335 142
490 1334 508 1345 525
491 1334 508 1345 525
493 1334 508 1345 525
494 1334 508 1345 525
495 1348 1348 1359 1370
496 1348 1349 1360 1370
497 1348 1349 1360 1370
499 1348 1348 1359 1370
Frame: 29
2 1312 33 1329 62
4 1328 440 1338 461
5 1315 144 1329 168
6 1324 385 1336 404
8 1325 201 1336 222
12 1324 484 1337 506
14 1312 33 1329 62
16 1328 440 1338 461
17 1315 144 1329 168
20 1325 201 1336 222
23 1325 485 1337 505
29 1326 707 1342 732
31 1327 440 1338 461
32 1324 385 1336 404
33 1326 765 1342 790
35 1326 707 1342 731
37 1327 440 1338 461
47 1339 1204 1351 1224
53 1339 1204 1351 1224
55 1326 765 1342 790
59 1386 1642 1405 1667
62 1339 1204 1351 1224
63 1412 1713 1427 1739
64 1385 1641 1405 1666
67 1340 1204 1351 1224
74 1411 1668 1428 1703
85 886 1789 898 1810
86 886 1789 898 1810
91 1325 485 1337 505
95 1325 485 1337 505
113 1410 1784 1426 1808
131 1913 789 1929 809
133 1919 753 1932 771
142 1929 1396 1943 1412
146 1932 1263 1946 1285
148 1353 1545 1371 1580
149 1411 1668 1429 1703
150 1353 1545 1371 1580
152 1940 1405 1953 1429
155 1934 1489 1949 1510
157 1932 1264 1946 1285
167 1337 873 1350 895
168 1337 873 1349 895
171 1348 1277 1360 1301
172 1336 873 1349 895
174 1332 817 1343 830
175 1348 1278 1360 1301
176 1336 873 1349 895
178 1332 817 1343 831
179 1930 1395 1942 1411
180 1348 1278 1360 1301
182 1348 1278 1360 1301
185 1413 1713 1426 1739
205 1945 1695 1959 1714
209 1833 1567 1850 1586
210 886 1777 899 1802
211 886 1777 899 1802
212 1407 1621 1421 1646
213 1908 1694 1919 1712
216 1919 1892 1930 1908
222 1327 293 1334 306
223 1912 540 1927 559
232 1913 540 1928 559
234 1926 903 1938 919
242 1922 1129 1934 1149
244 1926 903 1938 919
254 1939 1405 1954 1430
260 1406 1621 1421 1646
263 1914 608 1929 627
277 1333 945 1347 969
281 1333 944 1347 968
286 1333 944 1347 968
289 1333 944 1347 968
295 1927 972 1942 990
302 1927 972 1942 990
311 1410 1783 1426 1808
315 1409 1780 1423 1806
320 1330 618 1346 642
322 1352 1413 1366 1442
328 1351 1413 1366 1442
338 1330 618 1346 642
385 985 1709 996 1730
490 1334 508 1345 525
491 1334 508 1345 525
493 1334 508 1345 525
494 1334 508 1345 525
495 1348 1348 1359 1370
496 1347 1349 1359 1370
497 1347 1349 1359 1370
499 1348 1348 1359 1370
530 1324 615 1342 640
532 1324 615 1342 640
Frame: 30
2 1313 33 1329 60
6 1324 385 1336 404
8 1325 203 1336 223
12 1324 484 1337 505
14 1313 33 1329 60
20 1325 202 1337 223
23 1324 484 1337 505
29 1326 707 1343 733
32 1324 385 1336 404
33 1325 765 1343 793
35 1325 707 1342 733
47 1339 1204 1352 1226
53 1339 1204 1351 1226
55 1325 765 1343 793
59 1386 1641 1406 1666
62 1339 1203 1351 1225
63 1412 1712 1427 1739
64 1386 1641 1406 1666
67 1339 1203 1351 1225
74 1411 1667 1429 1702
85 886 1789 898 1810
86 886 1789 898 1810
91 1324 484 1337 505
95 1324 484 1337 505
113 1409 1784 1426 1808
131 1913 790 1928 810
133 1918 753 1931 772
142 1929 1395 1942 1411
146 1932 1264 1946 1286
148 1354 1544 1371 1579
149 1411 1667 1429 1702
150 1354 1544 1371 1579
152 1940 1406 1953 1430
155 1934 1489 1949 1510
157 1932 1264 1946 1285
167 1337 874 1349 895
168 1337 875 1349 895
171 1349 1280 1360 1303
172 1337 875 1349 895
174 1331 818 1342 831
175 1348 1280 1360 1303
176 1337 875 1349 895
178 1331 818 1343 832
179 1929 1395 1942 1411
180 1349 1281 1360 1303
182 1349 1281 1360 1303
185 1412 1712 1426 1739
205 1945 1694 1960 1714
209 1833 1567 1849 1585
210 886 1778 899 1802
211 886 1778 899 1802
212 1406 1618 1422 1646
213 1908 1695 1919 1712
215 1921 1836 1930 1851
216 1919 1892 1929 1908
222 1327 291 1336 306
223 1911 539 1927 558
232 1912 539 1927 558
234 1926 902 1939 920
242 1922 1130 1934 1148
244 1926 902 1939 920
254 1939 1405 1953 1429
260 1405 1618 1421 1645
263 1914 607 1930 628
277 1333 945 1347 968
281 1333 944 1347 968
286 1332 944 1346 968
289 1332 944 1346 968
295 1926 972 1941 990
302 1926 972 1941 990
311 1410 1784 1425 1809
315 1408 1771 1426 1803
320 1329 618 1346 642
322 1351 1414 1365 1443
328 1351 1414 1365 1443
338 1330 617 1346 642
385 984 1706 996 1731
434 1913 799 1928 809
530 1322 615 1341 639
532 1323 615 1340 639
550 1407 1769 1427 1802
