Frame: 3
[[   2 1141  510 1152  530]
 [   4 1111  840 1126  869]
 [   8 1141  510 1152  530]
 [  10 1131  759 1141  774]
 [  14 1073 1370 1090 1398]
 [  15 1073 1317 1084 1335]
 [  16 1111  840 1126  869]
 [  17 1075 1212 1090 1238]
 [  24 1074 1369 1089 1396]
 [  25 1074 1317 1084 1334]
 [  27 1075 1213 1090 1237]
 [  28 1080 1548 1093 1571]
 [  29 1090 1624 1112 1667]
 [  32 1082 1891 1101 1943]
 [  35 1868 2029 1873 2040]
 [  36 1863 2030 1869 2042]
 [  37 1856 2030 1861 2042]]
Frame: 4
[[   2 1141  509 1152  530]
 [   4 1112  840 1125  865]
 [   8 1141  509 1152  530]
 [  10 1133  759 1143  773]
 [  14 1074 1370 1089 1395]
 [  15 1073 1316 1084 1334]
 [  16 1112  840 1125  865]
 [  17 1075 1211 1090 1237]
 [  24 1074 1370 1089 1395]
 [  25 1074 1317 1083 1333]
 [  27 1074 1211 1091 1237]
 [  28 1080 1548 1093 1571]
 [  29 1089 1625 1115 1674]
 [  32 1084 1897 1100 1939]
 [  35 1868 2029 1873 2040]
 [  36 1863 2030 1869 2042]
 [  37 1857 2030 1862 2042]
 [  42 1142  320 1161  362]]
Frame: 5
[[   2 1140  509 1151  530]
 [   4 1112  840 1125  865]
 [   8 1140  510 1151  530]
 [  10 1133  759 1143  774]
 [  14 1073 1369 1090 1397]
 [  16 1112  840 1125  865]
 [  17 1075 1211 1091 1238]
 [  24 1074 1369 1091 1397]
 [  27 1074 1212 1091 1239]
 [  28 1081 1548 1093 1570]
 [  32 1087 1904 1098 1934]
 [  35 1868 2029 1873 2040]
 [  36 1863 2030 1869 2042]
 [  37 1856 2030 1861 2042]
 [  42 1144  318 1161  356]
 [  50 1098  931 1106  944]
 [  52 1089  966 1100  988]
 [  53 1098  931 1106  944]
 [  54 1087  966 1100  988]
 [  56 1097 1699 1106 1720]
 [  57 1092 1615 1106 1638]]
Frame: 6
[[   2 1141  507 1152  529]
 [   4 1111  846 1124  870]
 [   8 1141  507 1152  529]
 [  10 1132  759 1142  773]
 [  14 1074 1371 1089 1398]
 [  16 1111  846 1124  870]
 [  17 1075 1210 1091 1238]
 [  24 1074 1371 1090 1398]
 [  27 1074 1211 1091 1239]
 [  28 1079 1548 1093 1573]
 [  32 1088 1906 1097 1931]
 [  35 1868 2029 1873 2041]
 [  36 1863 2030 1869 2042]
 [  37 1856 2030 1861 2042]
 [  42 1144  320 1161  358]
 [  50 1098  931 1107  944]
 [  52 1088  963 1101  986]
 [  53 1098  931 1106  944]
 [  54 1087  962 1101  987]
 [  56 1098 1702 1106 1721]
 [  57 1092 1612 1106 1636]
 [  65 1086 1037 1101 1058]]
Frame: 7
[[   2 1140  506 1152  528]
 [   4 1113  845 1124  865]
 [   8 1140  507 1152  528]
 [  10 1129  758 1143  780]
 [  14 1076 1370 1088 1391]
 [  15 1074 1314 1087 1333]
 [  16 1113  845 1124  865]
 [  17 1077 1210 1093 1237]
 [  24 1076 1370 1088 1391]
 [  25 1075 1313 1086 1332]
 [  27 1076 1210 1093 1238]
 [  28 1080 1548 1093 1573]
 [  35 1867 2029 1874 2041]
 [  36 1863 2030 1869 2042]
 [  37 1856 2030 1861 2042]
 [  42 1144  311 1164  358]
 [  50 1098  929 1108  944]
 [  52 1090  964 1102  986]
 [  53 1098  929 1107  943]
 [  54 1089  963 1103  986]
 [  57 1092 1608 1107 1634]
 [  65 1086 1036 1102 1059]
 [  83 1087 1810 1099 1830]
 [  84 1095 1643 1106 1668]]
Frame: 8
[[   2 1142  510 1152  531]
 [   4 1113  839 1126  864]
 [   8 1142  510 1152  531]
 [  10 1128  758 1144  781]
 [  14 1077 1367 1088 1386]
 [  15 1075 1314 1087 1333]
 [  16 1113  840 1126  865]
 [  17 1078 1208 1093 1234]
 [  24 1077 1367 1088 1386]
 [  25 1076 1313 1087 1332]
 [  27 1077 1207 1094 1234]
 [  28 1081 1547 1094 1571]
 [  35 1868 2029 1873 2040]
 [  36 1863 2030 1868 2042]
 [  37 1857 2030 1862 2042]
 [  42 1145  307 1165  354]
 [  50 1098  927 1108  943]
 [  52 1091  963 1104  988]
 [  53 1098  927 1107  942]
 [  54 1090  963 1104  987]
 [  83 1087 1809 1100 1830]
 [  84 1096 1645 1107 1668]
 [  87 1085 1874 1103 1929]]
Frame: 9
[[   2 1142  510 1153  531]
 [   4 1113  839 1126  864]
 [   8 1142  510 1153  531]
 [  14 1078 1369 1088 1385]
 [  15 1076 1315 1087 1331]
 [  16 1113  840 1126  864]
 [  17 1079 1209 1093 1233]
 [  24 1078 1369 1087 1385]
 [  25 1077 1315 1087 1331]
 [  27 1079 1209 1094 1233]
 [  28 1081 1547 1095 1573]
 [  35 1868 2029 1873 2040]
 [  36 1863 2030 1868 2042]
 [  37 1857 2030 1862 2042]
 [  42 1145  305 1166  354]
 [  50 1098  926 1108  942]
 [  52 1091  964 1105  991]
 [  53 1098  926 1108  941]
 [  54 1091  964 1106  991]
 [  57 1091 1605 1108 1635]
 [  83 1089 1810 1099 1826]
 [  84 1094 1641 1109 1673]
 [  87 1086 1871 1103 1923]
 [  95 1076 1424 1091 1439]
 [  97 1094 1699 1108 1717]
 [  98 1078 1424 1089 1439]
 [  99 1094 1626 1106 1646]
 [ 100 1094 1685 1105 1700]]
Frame: 10
[[  14 1077 1367 1087 1385]
 [  15 1077 1316 1086 1331]
 [  17 1079 1208 1094 1235]
 [  24 1076 1367 1087 1385]
 [  25 1077 1316 1086 1331]
 [  27 1079 1208 1095 1235]
 [  28 1082 1548 1094 1569]
 [  35 1867 2029 1874 2041]
 [  36 1863 2030 1868 2042]
 [  37 1856 2030 1861 2042]
 [  50 1099  929 1109  944]
 [  52 1092  963 1106  990]
 [  54 1091  963 1106  990]
 [  57 1090 1602 1109 1634]
 [  83 1088 1808 1099 1826]
 [  84 1092 1629 1112 1672]
 [  87 1086 1870 1103 1923]
 [  95 1076 1425 1091 1439]
 [  97 1089 1687 1112 1717]
 [  98 1077 1424 1090 1440]
 [  99 1093 1627 1105 1647]
 [ 100 1094 1685 1105 1701]]
Frame: 11
[[   4 1112  835 1127  864]
 [  14 1077 1368 1087 1384]
 [  15 1077 1315 1088 1331]
 [  16 1112  836 1127  865]
 [  17 1079 1208 1095 1235]
 [  24 1078 1368 1087 1384]
 [  25 1077 1315 1087 1331]
 [  27 1079 1208 1095 1235]
 [  28 1082 1545 1095 1568]
 [  35 1867 2029 1874 2041]
 [  36 1863 2030 1869 2042]
 [  37 1857 2030 1862 2042]
 [  42 1145  319 1165  366]
 [  50 1100  928 1110  944]
 [  52 1092  960 1106  988]
 [  53 1100  927 1110  943]
 [  54 1091  960 1107  988]
 [  83 1089 1811 1099 1827]
 [  84 1092 1626 1111 1669]
 [  87 1084 1872 1105 1938]
 [  95 1076 1424 1091 1439]
 [  97 1089 1685 1112 1715]
 [  98 1076 1423 1091 1443]
 [ 116 1149  269 1160  289]]
Frame: 12
[[   2 1142  508 1151  526]
 [   4 1113  837 1126  863]
 [   8 1142  508 1151  526]
 [  14 1078 1369 1087 1385]
 [  15 1078 1315 1088 1330]
 [  16 1113  838 1126  863]
 [  24 1078 1369 1087 1385]
 [  25 1078 1315 1087 1330]
 [  28 1081 1544 1094 1568]
 [  35 1867 2029 1874 2040]
 [  36 1863 2030 1869 2042]
 [  37 1856 2030 1861 2042]
 [  42 1146  323 1165  367]
 [  50 1099  926 1110  943]
 [  52 1092  960 1105  985]
 [  53 1100  926 1110  943]
 [  54 1091  960 1105  986]
 [  83 1089 1808 1099 1824]
 [  84 1091 1626 1111 1669]
 [  87 1086 1882 1102 1931]
 [  95 1075 1425 1092 1442]
 [  97 1090 1686 1112 1716]
 [  98 1078 1426 1089 1441]
 [ 116 1150  267 1159  285]
 [ 136 1091 1718 1108 1761]
 [ 137 1160  135 1171  156]
 [ 138 1151  188 1168  234]]
Frame: 13
[[   2 1142  508 1151  525]
 [   4 1114  837 1128  862]
 [   8 1142  508 1151  525]
 [  14 1077 1367 1088 1385]
 [  15 1078 1315 1088 1330]
 [  16 1114  837 1128  862]
 [  24 1077 1367 1088 1385]
 [  25 1078 1315 1088 1330]
 [  28 1081 1543 1094 1567]
 [  35 1868 2029 1874 2040]
 [  36 1864 2030 1869 2042]
 [  37 1857 2030 1862 2042]
 [  42 1144  325 1168  384]
 [  50 1100  925 1112  943]
 [  52 1092  960 1105  984]
 [  53 1101  925 1112  942]
 [  54 1092  960 1106  984]
 [  83 1089 1808 1099 1824]
 [  84 1092 1625 1112 1671]
 [  87 1087 1888 1102 1934]
 [  95 1075 1426 1092 1443]
 [  97 1090 1686 1113 1717]
 [  98 1079 1427 1088 1440]
 [ 136 1092 1718 1105 1751]
 [ 137 1159  133 1172  158]
 [ 138 1154  190 1169  231]]
Frame: 14
[[   4 1115  836 1128  862]
 [  14 1077 1367 1088 1384]
 [  16 1115  837 1128  862]
 [  24 1077 1367 1088 1384]
 [  28 1081 1544 1094 1565]
 [  35 1868 2029 1874 2040]
 [  36 1864 2030 1869 2042]
 [  37 1857 2030 1862 2042]
 [  42 1144  326 1169  387]
 [  50 1101  924 1113  943]
 [  52 1093  958 1106  983]
 [  53 1101  924 1112  942]
 [  54 1092  958 1106  983]
 [  83 1089 1806 1100 1823]
 [  84 1092 1624 1114 1672]
 [  87 1085 1886 1102 1935]
 [  95 1074 1425 1093 1444]
 [  97 1089 1683 1114 1717]
 [  98 1079 1426 1088 1439]
 [ 100 1095 1686 1106 1702]
 [ 136 1091 1710 1108 1753]
 [ 137 1158  132 1173  158]
 [ 138 1153  190 1169  232]
 [ 153 1148  276 1161  296]
 [ 156 1091 1744 1108 1778]]
Frame: 15
[[   4 1112  834 1128  863]
 [  16 1112  834 1128  863]
 [  17 1080 1212 1091 1231]
 [  27 1080 1210 1092 1230]
 [  28 1079 1540 1093 1566]
 [  35 1868 2029 1874 2040]
 [  36 1863 2029 1869 2041]
 [  37 1857 2030 1862 2042]
 [  52 1092  962 1106  987]
 [  54 1092  962 1106  987]
 [  83 1088 1800 1101 1821]
 [  87 1086 1890 1103 1938]
 [  95 1075 1423 1092 1441]
 [  98 1078 1424 1089 1438]
 [ 100 1095 1686 1106 1702]
 [ 136 1091 1706 1108 1750]
 [ 137 1159  137 1175  166]
 [ 138 1154  190 1169  231]
 [ 153 1147  275 1160  296]
 [ 156 1088 1742 1102 1772]]
Frame: 16
[[   2 1140  507 1151  529]
 [   4 1111  832 1128  864]
 [   8 1140  507 1151  529]
 [  14 1077 1369 1088 1386]
 [  15 1078 1316 1087 1329]
 [  16 1111  832 1128  865]
 [  17 1080 1212 1091 1230]
 [  24 1077 1369 1088 1386]
 [  25 1078 1316 1087 1329]
 [  27 1080 1210 1092 1230]
 [  28 1079 1539 1093 1563]
 [  35 1868 2029 1874 2040]
 [  36 1863 2029 1869 2041]
 [  37 1857 2030 1862 2042]
 [  42 1144  328 1166  382]
 [  50 1101  925 1112  943]
 [  52 1092  962 1107  989]
 [  53 1101  925 1112  943]
 [  54 1092  963 1107  989]
 [  83 1088 1802 1101 1822]
 [  84 1092 1628 1112 1672]
 [  87 1087 1889 1102 1934]
 [  95 1076 1425 1091 1441]
 [  98 1078 1425 1089 1439]
 [ 136 1093 1712 1106 1747]
 [ 137 1159  134 1174  162]
 [ 153 1148  275 1160  295]
 [ 156 1091 1741 1105 1769]
 [ 171 1090 1687 1110 1717]]
Frame: 17
[[   2 1139  507 1151  530]
 [   4 1113  833 1129  863]
 [   8 1139  507 1151  530]
 [  14 1079 1369 1088 1384]
 [  15 1079 1316 1087 1328]
 [  16 1113  832 1129  863]
 [  24 1079 1369 1088 1384]
 [  25 1079 1316 1087 1328]
 [  28 1078 1538 1093 1562]
 [  35 1867 2029 1874 2040]
 [  36 1864 2029 1869 2041]
 [  37 1857 2030 1862 2042]
 [  42 1144  329 1167  385]
 [  50 1102  927 1112  942]
 [  52 1090  957 1109  993]
 [  53 1102  927 1112  942]
 [  54 1089  957 1110  994]
 [  83 1088 1801 1101 1823]
 [  84 1092 1627 1113 1672]
 [  87 1085 1886 1102 1936]
 [  95 1076 1424 1091 1442]
 [  98 1078 1424 1089 1438]
 [ 136 1092 1710 1108 1750]
 [ 137 1159  131 1174  159]
 [ 153 1146  266 1163  293]
 [ 156 1092 1742 1107 1772]
 [ 171 1090 1685 1112 1719]]
Frame: 18
[[   2 1141  506 1153  529]
 [   4 1113  831 1129  862]
 [   8 1141  506 1153  529]
 [  14 1078 1368 1089 1384]
 [  16 1112  830 1129  862]
 [  24 1078 1368 1089 1384]
 [  28 1078 1538 1093 1562]
 [  35 1867 2029 1874 2041]
 [  36 1863 2029 1869 2041]
 [  37 1856 2030 1861 2042]
 [  50 1101  924 1111  940]
 [  52 1091  960 1108  992]
 [  53 1101  924 1111  940]
 [  54 1091  960 1109  992]
 [  56 1092 1711 1105 1740]
 [  83 1088 1800 1101 1823]
 [  84 1092 1626 1113 1673]
 [  87 1085 1885 1103 1936]
 [  95 1075 1422 1092 1440]
 [  98 1077 1423 1089 1438]
 [  99 1090 1628 1108 1659]
 [ 136 1093 1708 1108 1749]
 [ 137 1159  131 1174  159]
 [ 138 1155  175 1168  209]
 [ 153 1146  267 1162  293]
 [ 156 1093 1744 1105 1768]
 [ 171 1089 1683 1113 1720]
 [ 187 1142  547 1158  585]
 [ 189 1142  547 1158  585]
 [ 193 1085 1811 1103 1830]]
Frame: 19
[[   2 1140  507 1152  528]
 [   4 1111  827 1129  861]
 [   8 1140  507 1152  528]
 [  14 1077 1366 1089 1384]
 [  16 1111  827 1129  862]
 [  24 1077 1366 1089 1384]
 [  28 1077 1537 1091 1560]
 [  35 1867 2029 1874 2040]
 [  36 1863 2029 1868 2041]
 [  37 1857 2030 1862 2042]
 [  42 1140  322 1165  386]
 [  50 1100  923 1110  938]
 [  52 1091  961 1108  992]
 [  53 1100  923 1110  938]
 [  54 1090  961 1108  992]
 [  56 1092 1712 1105 1742]
 [  57 1090 1605 1103 1626]
 [  87 1084 1883 1102 1933]
 [  95 1074 1421 1090 1439]
 [  98 1076 1422 1088 1438]
 [  99 1090 1628 1109 1660]
 [ 100 1093 1684 1104 1700]
 [ 138 1156  172 1168  205]
 [ 153 1146  266 1162  293]
 [ 156 1093 1743 1105 1766]
 [ 187 1144  549 1154  572]
 [ 189 1144  551 1159  587]
 [ 193 1085 1814 1103 1834]
 [ 199 1093 1622 1104 1646]]
Frame: 20
[[   2 1140  505 1152  528]
 [   4 1110  824 1128  858]
 [   8 1140  506 1152  528]
 [  14 1078 1366 1089 1382]
 [  16 1110  824 1128  858]
 [  24 1078 1366 1089 1382]
 [  28 1078 1537 1092 1560]
 [  35 1868 2029 1873 2040]
 [  36 1863 2030 1868 2042]
 [  37 1857 2030 1862 2042]
 [  42 1141  324 1161  372]
 [  50 1100  922 1110  937]
 [  52 1091  959 1108  989]
 [  53 1100  922 1110  937]
 [  54 1091  958 1108  988]
 [  57 1090 1602 1103 1625]
 [  83 1088 1803 1101 1824]
 [  87 1085 1883 1103 1934]
 [  95 1075 1420 1090 1438]
 [  98 1076 1421 1088 1436]
 [  99 1089 1630 1104 1658]
 [ 100 1094 1684 1105 1699]
 [ 136 1092 1700 1107 1740]
 [ 137 1159  131 1172  156]
 [ 187 1146  553 1153  568]
 [ 189 1145  543 1156  570]
 [ 193 1085 1815 1104 1836]
 [ 199 1094 1626 1103 1646]
 [ 203 1094 1649 1105 1669]
 [ 205 1094 1700 1104 1718]
 [ 212 1076 1311 1089 1332]
 [ 213 1076 1312 1088 1331]]
Frame: 21
[[   2 1140  505 1152  528]
 [   4 1109  824 1131  867]
 [   8 1140  505 1152  528]
 [  14 1077 1366 1088 1382]
 [  16 1109  824 1131  867]
 [  24 1077 1366 1088 1382]
 [  27 1078 1202 1095 1231]
 [  28 1079 1537 1092 1559]
 [  35 1867 2029 1874 2040]
 [  36 1863 2030 1868 2042]
 [  37 1857 2030 1862 2042]
 [  42 1141  325 1161  373]
 [  50 1101  923 1111  939]
 [  52 1092  959 1107  986]
 [  53 1101  923 1111  939]
 [  54 1092  959 1107  986]
 [  57 1091 1605 1104 1627]
 [  83 1091 1802 1101 1818]
 [  87 1083 1877 1103 1931]
 [  95 1075 1420 1091 1438]
 [  98 1077 1421 1089 1437]
 [  99 1088 1630 1104 1659]
 [ 100 1094 1684 1105 1699]
 [ 136 1093 1703 1107 1739]
 [ 137 1158  131 1171  156]
 [ 153 1147  270 1161  293]
 [ 156 1094 1739 1107 1766]
 [ 189 1147  545 1156  566]
 [ 199 1095 1625 1104 1645]
 [ 203 1094 1648 1108 1676]
 [ 205 1097 1701 1105 1715]
 [ 212 1077 1312 1088 1329]
 [ 213 1077 1312 1088 1329]
 [ 225 1113  799 1134  822]
 [ 227 1088 1569 1098 1587]]
Frame: 22
[[   2 1140  504 1153  527]
 [   4 1110  825 1130  863]
 [   8 1140  504 1153  527]
 [  14 1078 1366 1089 1382]
 [  16 1110  825 1129  863]
 [  17 1080 1206 1093 1229]
 [  24 1079 1366 1089 1382]
 [  27 1078 1202 1095 1230]
 [  28 1079 1537 1091 1558]
 [  35 1867 2029 1874 2040]
 [  36 1863 2030 1869 2042]
 [  37 1856 2030 1861 2042]
 [  42 1142  319 1162  368]
 [  50 1101  922 1112  939]
 [  52 1093  959 1107  986]
 [  53 1101  922 1112  939]
 [  54 1092  959 1107  986]
 [  57 1088 1603 1105 1635]
 [  83 1090 1800 1102 1819]
 [  84 1093 1623 1113 1667]
 [  87 1084 1879 1103 1934]
 [  95 1077 1421 1091 1438]
 [  98 1078 1422 1090 1437]
 [ 100 1094 1684 1105 1699]
 [ 136 1093 1705 1107 1741]
 [ 137 1158  130 1172  157]
 [ 153 1147  273 1160  294]
 [ 156 1093 1740 1107 1767]
 [ 171 1091 1683 1111 1714]
 [ 199 1096 1627 1104 1643]
 [ 203 1094 1649 1109 1678]
 [ 205 1097 1701 1105 1714]
 [ 212 1078 1312 1088 1328]
 [ 213 1078 1312 1088 1328]
 [ 225 1111  799 1134  824]
 [ 227 1088 1567 1097 1584]]
Frame: 23
[[   2 1140  503 1153  527]
 [   4 1112  822 1130  858]
 [   8 1140  503 1153  527]
 [  14 1078 1366 1089 1382]
 [  16 1109  815 1131  858]
 [  17 1080 1205 1094 1229]
 [  24 1079 1366 1089 1382]
 [  27 1080 1200 1093 1220]
 [  28 1079 1535 1092 1556]
 [  35 1867 2029 1874 2040]
 [  36 1864 2030 1869 2042]
 [  37 1857 2030 1862 2042]
 [  42 1142  316 1160  362]
 [  50 1101  922 1111  937]
 [  52 1093  957 1108  984]
 [  53 1101  923 1110  937]
 [  54 1093  957 1108  984]
 [  57 1088 1603 1106 1636]
 [  65 1087 1068 1102 1090]
 [  83 1089 1801 1102 1822]
 [  84 1093 1622 1113 1667]
 [  87 1083 1878 1103 1934]
 [  95 1077 1421 1091 1438]
 [  98 1077 1421 1088 1436]
 [ 100 1094 1684 1104 1698]
 [ 116 1147  217 1162  246]
 [ 136 1093 1709 1107 1745]
 [ 137 1159  128 1173  155]
 [ 153 1147  272 1160  292]
 [ 156 1093 1741 1107 1769]
 [ 171 1091 1681 1112 1714]
 [ 205 1097 1696 1106 1710]
 [ 225 1111  799 1135  826]]
Frame: 24
[[   2 1141  502 1152  524]
 [   4 1111  825 1127  856]
 [   8 1141  502 1152  524]
 [  10 1114  789 1131  816]
 [  16 1104  798 1133  858]
 [  27 1080 1199 1093 1219]
 [  28 1080 1533 1092 1554]
 [  35 1867 2029 1874 2040]
 [  36 1864 2030 1869 2042]
 [  37 1856 2030 1861 2042]
 [  42 1141  314 1160  359]
 [  50 1101  922 1111  936]
 [  52 1094  956 1108  983]
 [  53 1102  923 1111  937]
 [  54 1094  955 1109  982]
 [  65 1087 1070 1102 1092]
 [  83 1090 1798 1103 1820]
 [  84 1092 1619 1111 1662]
 [  98 1077 1421 1088 1435]
 [ 100 1095 1684 1104 1697]
 [ 116 1147  213 1162  242]
 [ 136 1093 1708 1107 1744]
 [ 137 1160  127 1174  152]
 [ 153 1146  271 1159  293]
 [ 156 1093 1741 1107 1769]
 [ 171 1090 1678 1111 1712]
 [ 205 1098 1694 1106 1709]
 [ 248 1164   92 1175  114]]
Frame: 25
[[   2 1142  507 1151  525]
 [   4 1111  825 1127  855]
 [   8 1141  507 1151  525]
 [  10 1114  791 1131  818]
 [  16 1103  795 1134  858]
 [  28 1079 1532 1096 1561]
 [  35 1867 2029 1874 2040]
 [  36 1864 2030 1869 2042]
 [  37 1856 2030 1861 2042]
 [  42 1141  313 1160  358]
 [  50 1102  920 1111  932]
 [  52 1095  958 1106  979]
 [  53 1103  920 1111  932]
 [  54 1095  958 1107  979]
 [  83 1089 1797 1101 1818]
 [  84 1091 1617 1111 1662]
 [  95 1078 1417 1091 1433]
 [  98 1079 1418 1091 1433]
 [  99 1095 1634 1108 1658]
 [ 137 1160  127 1173  151]
 [ 153 1146  271 1159  293]
 [ 171 1090 1676 1112 1711]
 [ 205 1097 1692 1108 1709]
 [ 212 1078 1308 1089 1327]
 [ 213 1078 1308 1089 1327]
 [ 248 1164   93 1175  115]]
Frame: 26
[[   2 1142  507 1151  525]
 [   4 1111  826 1126  853]
 [   8 1142  507 1151  525]
 [  14 1079 1359 1090 1376]
 [  24 1079 1359 1090 1376]
 [  28 1079 1529 1094 1555]
 [  35 1867 2029 1874 2040]
 [  36 1863 2029 1869 2041]
 [  37 1857 2030 1862 2042]
 [  42 1141  313 1160  359]
 [  50 1103  918 1112  932]
 [  52 1094  956 1107  980]
 [  53 1103  918 1112  933]
 [  54 1094  956 1107  980]
 [  83 1089 1796 1102 1817]
 [  95 1079 1416 1093 1433]
 [  98 1080 1417 1092 1432]
 [  99 1095 1634 1109 1658]
 [ 137 1159  125 1173  150]
 [ 153 1145  271 1158  293]
 [ 156 1091 1736 1107 1769]
 [ 205 1096 1692 1108 1711]
 [ 212 1078 1307 1090 1326]
 [ 213 1078 1307 1090 1326]]
Frame: 27
[[   4 1111  825 1126  853]
 [  14 1079 1359 1089 1374]
 [  17 1079 1202 1094 1228]
 [  24 1079 1358 1089 1374]
 [  28 1079 1530 1093 1554]
 [  35 1867 2029 1874 2040]
 [  36 1863 2029 1869 2041]
 [  37 1857 2030 1862 2042]
 [  42 1143  318 1157  352]
 [  50 1103  917 1112  931]
 [  52 1094  955 1107  979]
 [  53 1103  917 1113  932]
 [  54 1094  955 1107  979]
 [  57 1093 1611 1107 1638]
 [  83 1090 1800 1101 1820]
 [  95 1079 1415 1093 1433]
 [  98 1079 1420 1091 1435]
 [  99 1094 1633 1106 1655]
 [ 137 1159  126 1172  150]
 [ 153 1144  268 1159  292]
 [ 156 1091 1735 1107 1769]
 [ 205 1095 1690 1106 1707]
 [ 212 1078 1308 1089 1325]
 [ 213 1078 1308 1089 1325]
 [ 275 1094 1676 1106 1690]]
Frame: 28
[[   4 1111  824 1126  851]
 [  14 1079 1358 1089 1373]
 [  16 1105  794 1133  854]
 [  17 1079 1201 1094 1227]
 [  24 1079 1357 1089 1373]
 [  28 1079 1529 1093 1554]
 [  35 1867 2029 1874 2040]
 [  36 1864 2029 1869 2041]
 [  37 1857 2030 1862 2042]
 [  42 1143  312 1158  351]
 [  50 1101  917 1111  931]
 [  52 1094  954 1107  978]
 [  53 1101  917 1111  931]
 [  54 1094  954 1107  978]
 [  57 1094 1615 1107 1638]
 [  83 1089 1800 1100 1818]
 [  98 1079 1419 1091 1435]
 [  99 1094 1633 1106 1656]
 [ 100 1095 1677 1108 1695]
 [ 137 1159  125 1172  150]
 [ 153 1143  262 1159  289]
 [ 205 1095 1692 1106 1711]
 [ 212 1079 1308 1089 1324]
 [ 213 1079 1308 1089 1324]
 [ 275 1093 1675 1106 1689]
 [ 288 1062 2037 1106 2047]
 [ 296 1162   33 1181   87]]
Frame: 29
[[   4 1111  821 1128  854]
 [  16 1110  811 1130  854]
 [  17 1080 1202 1093 1227]
 [  27 1080 1204 1093 1226]
 [  35 1867 2029 1874 2040]
 [  36 1864 2029 1869 2041]
 [  37 1856 2030 1861 2042]
 [  42 1143  311 1158  348]
 [  50 1101  916 1111  930]
 [  52 1093  952 1108  981]
 [  53 1102  916 1111  931]
 [  54 1093  952 1108  981]
 [  57 1093 1616 1105 1640]
 [  83 1089 1799 1100 1818]
 [  87 1086 1877 1099 1911]
 [  95 1077 1416 1091 1434]
 [  98 1079 1418 1091 1434]
 [ 100 1095 1677 1106 1693]
 [ 137 1158  126 1171  151]
 [ 138 1153  168 1166  203]
 [ 153 1143  257 1160  286]
 [ 205 1095 1691 1106 1710]
 [ 288 1059 2036 1108 2047]
 [ 296 1161   30 1182   87]]
Frame: 30
[[   4 1111  820 1129  853]
 [  16 1106  804 1130  856]
 [  17 1079 1200 1094 1226]
 [  27 1079 1198 1096 1226]
 [  28 1081 1531 1095 1555]
 [  35 1867 2029 1874 2041]
 [  36 1864 2029 1869 2041]
 [  37 1856 2030 1861 2042]
 [  42 1142  310 1159  349]
 [  52 1092  950 1109  982]
 [  54 1092  950 1109  983]
 [  57 1095 1615 1107 1637]
 [  87 1087 1877 1098 1910]
 [  95 1078 1415 1093 1433]
 [  98 1079 1416 1092 1434]
 [  99 1095 1639 1107 1662]
 [ 100 1096 1676 1107 1692]
 [ 137 1157  122 1171  148]
 [ 138 1152  167 1166  204]
 [ 153 1141  252 1161  287]
 [ 205 1096 1692 1107 1710]
 [ 296 1165   38 1182   85]
 [ 317  562    0  575    7]
 [ 318  562    0  575    7]]
Frame: 31
[[   4 1112  819 1128  850]
 [  10 1111  816 1130  847]
 [  16 1106  802 1130  856]
 [  17 1081 1200 1096 1227]
 [  27 1079 1197 1096 1226]
 [  28 1081 1531 1095 1554]
 [  35 1867 2029 1874 2040]
 [  36 1863 2030 1869 2042]
 [  37 1857 2030 1862 2042]
 [  42 1141  311 1157  348]
 [  52 1091  950 1112  992]
 [  54 1090  950 1112  993]
 [  57 1095 1613 1107 1635]
 [  84 1093 1631 1104 1655]
 [  87 1087 1880 1098 1908]
 [  95 1077 1413 1094 1434]
 [  98 1078 1414 1093 1434]
 [  99 1095 1640 1108 1666]
 [ 100 1096 1675 1107 1691]
 [ 137 1156  124 1171  152]
 [ 138 1151  166 1166  205]
 [ 153 1141  250 1161  286]
 [ 205 1096 1693 1107 1712]
 [ 296 1165   38 1182   84]
 [ 317  563    0  574    5]
 [ 318  563    0  574    5]]
Frame: 32
[[   4 1111  818 1129  852]
 [  10 1110  819 1129  851]
 [  17 1081 1199 1096 1226]
 [  28 1080 1529 1094 1552]
 [  29 1090 1779 1106 1808]
 [  35 1867 2029 1874 2040]
 [  36 1863 2030 1868 2042]
 [  37 1857 2030 1862 2042]
 [  42 1143  312 1156  343]
 [  52 1090  949 1112  993]
 [  54 1090  949 1113  994]
 [  57 1096 1616 1106 1634]
 [  83 1092 1794 1103 1813]
 [  84 1093 1631 1104 1655]
 [  87 1087 1880 1097 1907]
 [  95 1077 1412 1094 1434]
 [  98 1078 1413 1093 1433]
 [  99 1095 1641 1108 1667]
 [ 100 1096 1676 1107 1692]
 [ 137 1155  122 1168  147]
 [ 138 1151  165 1166  204]
 [ 205 1096 1693 1107 1712]
 [ 248 1173  106 1180  118]
 [ 334 1114  800 1130  808]]
Frame: 33
[[   4 1113  824 1127  850]
 [  10 1111  826 1126  851]
 [  17 1080 1199 1094 1226]
 [  27 1080 1198 1095 1224]
 [  28 1080 1525 1095 1551]
 [  29 1090 1785 1105 1813]
 [  32 1085 1921 1094 1943]
 [  35 1867 2029 1874 2040]
 [  36 1863 2030 1869 2042]
 [  37 1857 2030 1862 2042]
 [  42 1142  306 1157  341]
 [  57 1095 1613 1106 1635]
 [  83 1092 1794 1103 1813]
 [  87 1087 1881 1098 1906]
 [  95 1078 1412 1093 1430]
 [  98 1079 1412 1092 1430]
 [ 100 1095 1675 1106 1691]
 [ 137 1155  122 1168  147]
 [ 248 1174  108 1180  119]
 [ 334 1114  800 1130  808]]
Frame: 34
[[   2 1138  510 1153  538]
 [   4 1113  823 1127  850]
 [   8 1138  510 1153  538]
 [  10 1111  830 1125  854]
 [  17 1080 1199 1094 1225]
 [  27 1080 1198 1096 1224]
 [  28 1081 1524 1095 1550]
 [  29 1087 1822 1104 1853]
 [  32 1085 1921 1094 1944]
 [  35 1867 2029 1874 2040]
 [  36 1863 2030 1869 2042]
 [  37 1857 2030 1862 2042]
 [  42 1142  304 1157  340]
 [  57 1095 1613 1107 1635]
 [  87 1087 1882 1098 1906]
 [  95 1078 1411 1093 1430]
 [  98 1079 1412 1092 1429]
 [ 100 1095 1674 1107 1691]
 [ 137 1155  117 1168  142]]
Frame: 35
[[   2 1138  511 1153  539]
 [   8 1138  511 1153  539]
 [  28 1081 1523 1096 1549]
 [  29 1081 1836 1107 1887]
 [  35 1867 2029 1874 2040]
 [  36 1863 2030 1869 2042]
 [  37 1857 2030 1862 2042]
 [  57 1094 1613 1106 1635]
 [  83 1092 1791 1103 1810]
 [  87 1088 1882 1097 1905]
 [  95 1079 1409 1094 1428]
 [  98 1079 1409 1093 1428]
 [  99 1095 1640 1109 1667]
 [ 100 1095 1675 1106 1691]
 [ 137 1156  111 1168  136]
 [ 227 1084 1531 1093 1548]]
Frame: 36
[[  28 1081 1524 1096 1551]
 [  29 1076 1849 1108 1913]
 [  35 1867 2029 1874 2040]
 [  36 1864 2030 1869 2042]
 [  37 1857 2030 1862 2042]
 [  57 1093 1612 1106 1635]
 [  83 1091 1787 1103 1806]
 [  95 1079 1410 1094 1430]
 [  98 1079 1409 1094 1428]
 [  99 1095 1639 1109 1667]
 [ 100 1095 1674 1106 1691]
 [ 137 1156  117 1169  142]
 [ 138 1150  163 1167  207]
 [ 205 1096 1694 1107 1713]
 [ 227 1083 1528 1093 1546]]
Frame: 37
[[   4 1111  813 1130  848]
 [  16 1110  802 1132  849]
 [  27 1080 1199 1098 1231]
 [  28 1081 1524 1096 1551]
 [  35 1868 2029 1874 2040]
 [  36 1863 2030 1869 2042]
 [  37 1857 2030 1862 2042]
 [  57 1093 1612 1106 1635]
 [  83 1091 1786 1103 1805]
 [  95 1079 1409 1094 1430]
 [  99 1095 1639 1110 1668]
 [ 137 1156  120 1168  144]
 [ 138 1150  162 1167  207]
 [ 205 1095 1692 1108 1715]
 [ 334 1111  800 1131  809]]
Frame: 38
[[   4 1111  812 1130  848]
 [  16 1112  800 1131  842]
 [  27 1080 1199 1099 1231]
 [  28 1081 1524 1096 1551]
 [  35 1868 2029 1874 2040]
 [  36 1863 2030 1869 2042]
 [  37 1857 2030 1862 2042]
 [  98 1081 1409 1092 1424]
 [ 100 1094 1676 1105 1692]
 [ 137 1156  121 1169  146]
 [ 171 1092 1643 1105 1663]
 [ 205 1094 1692 1107 1714]
 [ 296 1161   35 1177   76]
 [ 334 1111  800 1132  810]
 [ 359 1091 1597 1104 1624]]
Frame: 39
[[  16 1112  799 1131  840]
 [  17 1079 1200 1098 1236]
 [  27 1079 1199 1099 1235]
 [  28 1081 1524 1094 1547]
 [  35 1867 2029 1874 2040]
 [  36 1863 2030 1869 2042]
 [  37 1857 2030 1862 2042]
 [  83 1092 1789 1102 1805]
 [  95 1081 1407 1093 1423]
 [  98 1081 1408 1092 1422]
 [ 100 1094 1676 1105 1691]
 [ 136 1094 1675 1107 1708]
 [ 137 1156  120 1168  144]
 [ 171 1092 1641 1104 1660]
 [ 205 1093 1691 1107 1714]
 [ 296 1161   32 1177   73]
 [ 359 1091 1591 1105 1621]
 [ 363 1134  519 1159  560]
 [ 365 1133  519 1159  560]]
Frame: 40
[[   2 1136  509 1156  548]
 [   8 1136  508 1157  549]
 [  17 1079 1200 1098 1236]
 [  27 1079 1199 1099 1235]
 [  28 1081 1521 1096 1547]
 [  35 1867 2029 1874 2040]
 [  36 1863 2030 1868 2042]
 [  37 1857 2030 1862 2042]
 [  42 1141  310 1156  348]
 [  83 1092 1788 1102 1804]
 [  84 1093 1614 1108 1648]
 [  95 1082 1406 1094 1422]
 [  98 1081 1407 1092 1421]
 [ 136 1094 1675 1107 1708]
 [ 137 1155  119 1168  143]
 [ 156 1093 1729 1104 1748]
 [ 205 1092 1690 1106 1713]
 [ 212 1080 1302 1093 1323]
 [ 213 1080 1301 1093 1323]
 [ 296 1161   31 1177   72]
 [ 359 1091 1591 1105 1620]
 [ 363 1132  512 1161  559]
 [ 365 1132  512 1160  559]]
Frame: 41
[[   2 1136  509 1157  549]
 [   8 1136  508 1157  550]
 [  16 1116  804 1131  838]
 [  28 1082 1527 1095 1548]
 [  35 1867 2029 1874 2040]
 [  36 1863 2030 1868 2042]
 [  37 1856 2030 1861 2042]
 [  42 1141  310 1156  347]
 [  57 1094 1611 1105 1631]
 [  84 1092 1609 1106 1641]
 [ 100 1095 1674 1106 1689]
 [ 136 1094 1673 1107 1706]
 [ 137 1155  118 1168  143]
 [ 156 1094 1728 1103 1747]
 [ 205 1094 1690 1107 1712]
 [ 212 1080 1301 1093 1323]
 [ 213 1080 1301 1093 1323]]
Frame: 42
[[  16 1114  805 1130  841]
 [  28 1080 1524 1095 1550]
 [  35 1867 2029 1874 2040]
 [  36 1863 2030 1869 2042]
 [  37 1857 2030 1862 2042]
 [  50 1103  912 1114  928]
 [  52 1095  945 1110  973]
 [  53 1102  912 1113  928]
 [  57 1093 1608 1106 1630]
 [  65 1080 1069 1098 1097]
 [  84 1092 1608 1106 1640]
 [ 100 1095 1674 1106 1689]
 [ 137 1158  116 1171  141]
 [ 138 1151  158 1165  195]
 [ 205 1094 1690 1106 1711]
 [ 212 1079 1299 1091 1319]
 [ 213 1079 1299 1091 1319]
 [ 275 1091 1670 1108 1690]
 [ 359 1091 1587 1106 1618]
 [ 387 1092 1810 1101 1822]
 [ 388 1083 1860 1104 1909]]
Frame: 43
[[   2 1137  509 1158  554]
 [   8 1137  509 1158  554]
 [  16 1114  805 1130  840]
 [  28 1081 1524 1095 1548]
 [  35 1868 2029 1873 2040]
 [  36 1863 2030 1868 2042]
 [  37 1857 2030 1862 2042]
 [  50 1103  912 1114  928]
 [  52 1095  945 1110  972]
 [  53 1102  912 1113  928]
 [  57 1093 1607 1106 1630]
 [  65 1079 1069 1097 1097]
 [  84 1093 1602 1106 1631]
 [  99 1095 1645 1104 1661]
 [ 137 1158  116 1171  141]
 [ 138 1151  157 1165  193]
 [ 153 1146  250 1157  270]
 [ 205 1094 1689 1106 1711]
 [ 212 1079 1299 1091 1319]
 [ 213 1079 1299 1091 1319]
 [ 275 1091 1668 1107 1688]
 [ 359 1091 1585 1106 1618]
 [ 387 1091 1809 1100 1822]
 [ 388 1084 1860 1103 1905]]
Frame: 44
[[   2 1136  509 1158  555]
 [   8 1136  509 1158  555]
 [  17 1082 1197 1097 1224]
 [  27 1083 1199 1098 1225]
 [  28 1082 1523 1096 1548]
 [  35 1868 2029 1873 2040]
 [  36 1863 2030 1868 2042]
 [  37 1857 2030 1862 2042]
 [  42 1140  308 1160  358]
 [  52 1095  943 1108  968]
 [  54 1095  943 1109  970]
 [  84 1093 1600 1106 1629]
 [  99 1096 1645 1104 1661]
 [ 153 1147  252 1158  269]
 [ 203 1094 1632 1106 1656]
 [ 205 1093 1685 1106 1708]
 [ 275 1091 1668 1107 1688]
 [ 359 1092 1590 1105 1617]
 [ 387 1091 1809 1101 1824]
 [ 388 1084 1865 1103 1913]
 [ 399 1143  488 1154  509]
 [ 403 1143  488 1154  509]]
Frame: 45
[[  17 1082 1196 1097 1224]
 [  27 1083 1199 1098 1225]
 [  28 1082 1523 1096 1548]
 [  35 1868 2029 1873 2040]
 [  36 1863 2030 1868 2042]
 [  37 1856 2030 1861 2042]
 [  42 1140  307 1160  359]
 [  52 1095  942 1108  967]
 [  54 1095  942 1109  969]
 [  84 1094 1603 1106 1629]
 [ 136 1094 1677 1105 1703]
 [ 153 1148  251 1157  268]
 [ 203 1093 1634 1106 1660]
 [ 205 1093 1688 1106 1709]
 [ 275 1091 1668 1107 1688]
 [ 359 1092 1590 1105 1617]
 [ 387 1091 1808 1102 1824]
 [ 388 1084 1863 1103 1911]
 [ 399 1143  489 1154  509]
 [ 403 1143  489 1154  509]
 [ 410 1127  692 1147  728]]
Frame: 46
[[  35 1868 2029 1873 2040]
 [  36 1863 2030 1868 2042]
 [  37 1857 2030 1862 2042]
 [  50 1103  908 1115  927]
 [  53 1103  908 1115  927]
 [  84 1094 1601 1106 1627]
 [  97 1093 1676 1108 1698]
 [ 136 1094 1678 1106 1704]
 [ 203 1093 1634 1106 1660]
 [ 205 1093 1687 1106 1708]
 [ 275 1091 1667 1107 1688]
 [ 359 1092 1586 1105 1616]
 [ 388 1082 1859 1105 1917]
 [ 410 1126  689 1148  727]]
Frame: 47
[[  27 1082 1196 1099 1227]
 [  35 1868 2029 1873 2040]
 [  36 1863 2030 1869 2042]
 [  37 1856 2030 1861 2042]
 [  50 1104  908 1116  927]
 [  52 1098  946 1107  964]
 [  53 1103  908 1116  927]
 [  54 1098  947 1107  964]
 [  84 1095 1604 1107 1628]
 [  87 1087 1891 1096 1913]
 [  97 1093 1676 1108 1698]
 [ 136 1094 1672 1108 1706]
 [ 137 1158  114 1171  139]
 [ 275 1091 1667 1108 1688]
 [ 359 1092 1588 1105 1614]
 [ 388 1082 1859 1105 1918]
 [ 423 1139  408 1153  430]]
Frame: 48
[[  17 1083 1199 1094 1218]
 [  27 1082 1193 1097 1222]
 [  28 1079 1516 1098 1549]
 [  35 1868 2029 1873 2040]
 [  36 1863 2030 1868 2042]
 [  37 1857 2030 1862 2042]
 [  50 1103  906 1116  925]
 [  52 1098  947 1107  963]
 [  53 1103  906 1115  924]
 [  54 1098  947 1107  963]
 [  84 1096 1603 1107 1627]
 [  87 1087 1892 1096 1914]
 [  95 1078 1398 1093 1417]
 [  97 1093 1678 1108 1704]
 [  98 1079 1397 1093 1416]
 [ 116 1157  116 1174  153]
 [ 136 1094 1669 1110 1705]
 [ 137 1158  113 1171  139]
 [ 359 1092 1587 1105 1613]
 [ 387 1091 1802 1101 1816]
 [ 423 1138  403 1155  430]]
Frame: 49
[[  16 1117  799 1134  836]
 [  17 1084 1199 1094 1218]
 [  27 1082 1192 1097 1221]
 [  28 1079 1516 1097 1549]
 [  35 1868 2029 1874 2040]
 [  36 1863 2030 1868 2042]
 [  37 1857 2030 1862 2042]
 [  50 1104  905 1116  924]
 [  53 1103  905 1115  924]
 [  56 1091 1797 1102 1819]
 [  95 1078 1398 1091 1415]
 [  97 1092 1673 1110 1702]
 [  98 1078 1398 1091 1415]
 [ 116 1157  112 1175  149]
 [ 136 1094 1668 1110 1704]
 [ 137 1160  117 1171  139]
 [ 296 1170   23 1186   62]
 [ 359 1091 1587 1104 1615]
 [ 387 1090 1802 1103 1822]
 [ 388 1084 1860 1105 1912]
 [ 399 1143  482 1154  503]
 [ 403 1143  483 1154  505]
 [ 423 1137  400 1156  431]]
Frame: 50
[[   2 1140  516 1161  561]
 [   4 1113  808 1132  847]
 [   8 1140  516 1161  561]
 [  16 1117  799 1134  835]
 [  28 1079 1514 1095 1544]
 [  35 1868 2029 1874 2040]
 [  36 1863 2030 1869 2042]
 [  37 1857 2030 1862 2042]
 [  56 1092 1803 1100 1817]
 [  95 1080 1400 1091 1414]
 [  97 1092 1671 1111 1701]
 [  98 1080 1399 1091 1414]
 [ 137 1160  117 1171  138]
 [ 153 1150  252 1159  267]
 [ 296 1171   22 1187   61]
 [ 359 1091 1588 1104 1617]
 [ 387 1090 1801 1103 1822]
 [ 388 1084 1856 1104 1908]
 [ 399 1143  481 1154  502]
 [ 403 1143  482 1154  504]
 [ 423 1137  398 1157  430]]
Frame: 51
[[   2 1140  516 1161  562]
 [   4 1113  807 1132  847]
 [   8 1140  516 1161  562]
 [  28 1079 1513 1095 1544]
 [  35 1868 2029 1874 2040]
 [  36 1863 2030 1868 2042]
 [  37 1857 2030 1862 2042]
 [  56 1090 1804 1099 1819]
 [  65 1079 1052 1102 1089]
 [  95 1080 1399 1090 1413]
 [  97 1092 1674 1108 1700]
 [  98 1080 1399 1091 1413]
 [ 137 1159  115 1172  140]
 [ 153 1150  252 1159  266]
 [ 203 1093 1619 1106 1646]
 [ 212 1078 1295 1091 1317]
 [ 213 1078 1295 1091 1317]
 [ 359 1091 1588 1104 1617]
 [ 387 1088 1797 1102 1819]
 [ 388 1083 1855 1103 1906]
 [ 423 1137  392 1157  425]
 [ 454 1141  400 1152  423]]
Frame: 52
[[  17 1086 1199 1095 1216]
 [  27 1084 1192 1097 1219]
 [  35 1868 2029 1873 2040]
 [  36 1864 2030 1869 2042]
 [  37 1857 2030 1862 2042]
 [  42 1142  303 1157  340]
 [  54 1098  940 1111  963]
 [  56 1090 1807 1099 1822]
 [  65 1079 1051 1102 1088]
 [  83 1091 1795 1102 1812]
 [  95 1079 1396 1092 1412]
 [  97 1094 1671 1110 1700]
 [  98 1079 1395 1092 1412]
 [ 137 1158  112 1170  136]
 [ 203 1094 1616 1109 1647]
 [ 212 1078 1294 1091 1316]
 [ 213 1078 1294 1091 1316]
 [ 387 1090 1800 1102 1817]
 [ 388 1084 1853 1103 1902]
 [ 423 1136  398 1157  432]
 [ 454 1142  400 1151  420]
 [ 460 1073 2037 1092 2047]]
Frame: 53
[[  10 1107  880 1120  899]
 [  14 1079 1344 1092 1363]
 [  17 1085 1199 1094 1213]
 [  24 1079 1344 1092 1363]
 [  27 1084 1191 1096 1215]
 [  28 1082 1514 1096 1539]
 [  35 1868 2029 1873 2040]
 [  36 1863 2030 1868 2042]
 [  37 1856 2030 1861 2042]
 [  42 1142  302 1157  340]
 [  54 1097  937 1111  964]
 [  65 1080 1053 1101 1088]
 [  83 1091 1795 1102 1812]
 [  95 1079 1395 1092 1411]
 [  97 1094 1670 1110 1699]
 [  98 1079 1395 1092 1411]
 [ 137 1158  111 1170  136]
 [ 203 1094 1614 1110 1645]
 [ 205 1097 1681 1108 1700]
 [ 212 1078 1293 1091 1316]
 [ 213 1078 1293 1091 1316]
 [ 225 1105  879 1122  899]
 [ 359 1092 1584 1105 1613]
 [ 387 1090 1799 1102 1816]
 [ 388 1085 1853 1103 1901]
 [ 423 1136  396 1157  433]
 [ 460 1074 2038 1091 2047]]
Frame: 54
[[  10 1107  883 1119  902]
 [  14 1079 1343 1092 1363]
 [  16 1118  799 1131  826]
 [  17 1086 1199 1095 1212]
 [  24 1079 1343 1092 1363]
 [  27 1083 1190 1098 1218]
 [  28 1084 1518 1097 1541]
 [  35 1868 2029 1873 2040]
 [  36 1863 2030 1868 2042]
 [  37 1857 2030 1862 2042]
 [  50 1108  904 1119  921]
 [  53 1108  904 1118  921]
 [  54 1097  936 1112  964]
 [  57 1089 1590 1110 1631]
 [  65 1081 1051 1100 1086]
 [  98 1079 1394 1092 1410]
 [ 137 1159  112 1172  136]
 [ 205 1097 1682 1108 1701]
 [ 225 1105  882 1122  901]
 [ 359 1092 1583 1105 1612]
 [ 388 1087 1851 1102 1892]
 [ 399 1135  474 1149  499]
 [ 403 1134  474 1148  499]
 [ 460 1071 2035 1092 2047]
 [ 473 1160   78 1173  100]]
Frame: 55
[[  16 1118  799 1131  825]
 [  17 1087 1199 1094 1208]
 [  27 1083 1189 1098 1217]
 [  28 1085 1511 1099 1536]
 [  32 1086 1864 1101 1899]
 [  35 1867 2029 1874 2041]
 [  36 1863 2030 1869 2042]
 [  37 1856 2030 1861 2042]
 [  42 1143  302 1156  337]
 [  50 1108  905 1119  922]
 [  53 1108  905 1119  921]
 [  54 1098  935 1111  960]
 [  57 1089 1589 1110 1631]
 [  65 1080 1050 1101 1086]
 [  95 1078 1389 1091 1406]
 [  97 1096 1675 1109 1699]
 [  98 1078 1389 1091 1406]
 [ 137 1160  111 1172  136]
 [ 203 1096 1616 1109 1644]
 [ 205 1097 1682 1108 1701]
 [ 212 1079 1288 1092 1311]
 [ 213 1080 1288 1093 1311]
 [ 275 1094 1655 1109 1675]
 [ 388 1087 1845 1100 1878]
 [ 399 1134  473 1148  498]
 [ 403 1133  473 1147  498]
 [ 460 1071 2034 1093 2047]
 [ 473 1160   74 1175   99]]
Frame: 56
[[   8 1136  506 1152  541]
 [  17 1088 1199 1093 1207]
 [  28 1086 1511 1099 1533]
 [  32 1085 1852 1103 1895]
 [  35 1867 2029 1874 2040]
 [  36 1863 2030 1868 2042]
 [  37 1856 2030 1861 2042]
 [  42 1143  303 1156  335]
 [  50 1108  902 1119  919]
 [  53 1108  902 1119  919]
 [  54 1098  931 1113  959]
 [  95 1078 1387 1092 1405]
 [  97 1096 1675 1110 1698]
 [  98 1078 1387 1092 1407]
 [ 136 1098 1658 1110 1685]
 [ 203 1098 1618 1110 1642]
 [ 212 1079 1283 1092 1307]
 [ 213 1079 1283 1092 1307]
 [ 275 1094 1654 1109 1674]
 [ 388 1088 1843 1100 1875]
 [ 473 1162   74 1176  100]]
Frame: 57
[[   8 1136  505 1152  540]
 [  16 1117  800 1130  824]
 [  28 1085 1507 1099 1532]
 [  32 1085 1848 1104 1893]
 [  35 1867 2029 1874 2040]
 [  36 1864 2030 1869 2042]
 [  37 1856 2030 1861 2042]
 [  42 1143  303 1156  334]
 [  50 1109  902 1119  918]
 [  53 1109  902 1119  918]
 [  54 1098  931 1113  957]
 [  83 1093 1793 1102 1807]
 [  95 1078 1386 1092 1404]
 [  98 1078 1386 1092 1406]
 [ 136 1098 1657 1110 1684]
 [ 137 1161  110 1172  133]
 [ 203 1098 1616 1110 1641]
 [ 205 1097 1678 1107 1695]
 [ 212 1079 1284 1092 1306]
 [ 213 1079 1283 1092 1306]
 [ 275 1094 1652 1109 1672]
 [ 388 1087 1839 1101 1875]
 [ 473 1163   76 1176  100]
 [ 501 1097  931 1114  957]]
Frame: 58
[[   2 1140  527 1152  551]
 [   4 1117  800 1128  820]
 [  16 1118  800 1129  821]
 [  27 1085 1180 1098 1207]
 [  28 1086 1508 1099 1531]
 [  32 1085 1839 1105 1887]
 [  35 1868 2029 1873 2040]
 [  36 1863 2030 1868 2042]
 [  37 1856 2030 1861 2042]
 [  42 1142  301 1155  333]
 [  54 1097  928 1114  959]
 [  83 1093 1793 1102 1806]
 [  84 1094 1604 1109 1636]
 [  97 1095 1673 1108 1695]
 [ 136 1097 1655 1108 1681]
 [ 137 1161  110 1172  133]
 [ 138 1158  185 1167  204]
 [ 205 1097 1677 1107 1694]
 [ 212 1079 1281 1092 1304]
 [ 213 1079 1281 1092 1305]
 [ 275 1094 1651 1109 1671]
 [ 388 1088 1837 1101 1872]
 [ 473 1162   75 1176  100]
 [ 501 1096  928 1115  959]
 [ 512 1077 2024 1091 2047]]
Frame: 59
[[   2 1141  527 1152  548]
 [   4 1118  799 1127  818]
 [  15 1077 1305 1092 1328]
 [  16 1118  800 1129  818]
 [  25 1077 1305 1092 1328]
 [  27 1086 1180 1099 1206]
 [  28 1086 1507 1099 1530]
 [  32 1085 1836 1106 1885]
 [  35 1868 2029 1873 2040]
 [  36 1863 2030 1868 2042]
 [  37 1856 2030 1861 2042]
 [  42 1142  300 1155  332]
 [  54 1097  925 1115  960]
 [  65 1079 1051 1102 1096]
 [  84 1094 1604 1109 1636]
 [  97 1097 1668 1109 1691]
 [ 136 1097 1653 1108 1679]
 [ 137 1160  110 1173  134]
 [ 138 1159  186 1167  204]
 [ 212 1079 1280 1092 1303]
 [ 213 1079 1279 1092 1304]
 [ 275 1097 1646 1110 1665]
 [ 359 1092 1570 1105 1598]
 [ 387 1092 1789 1102 1803]
 [ 388 1090 1834 1104 1869]
 [ 473 1162   75 1176  100]
 [ 501 1095  925 1116  960]
 [ 512 1078 2025 1090 2047]
 [ 519 1110  839 1121  864]
 [ 523 1110  839 1123  865]]
Frame: 60
[[   2 1140  527 1151  548]
 [   4 1119  798 1129  817]
 [  15 1077 1305 1092 1328]
 [  16 1119  799 1129  817]
 [  25 1077 1305 1092 1328]
 [  27 1086 1179 1099 1205]
 [  32 1085 1833 1105 1881]
 [  35 1868 2029 1873 2040]
 [  36 1863 2030 1868 2042]
 [  37 1857 2030 1862 2042]
 [  42 1142  294 1157  332]
 [  54 1097  924 1115  959]
 [  65 1078 1051 1103 1096]
 [  97 1093 1652 1113 1690]
 [ 137 1161  110 1173  132]
 [ 171 1089 1563 1110 1598]
 [ 275 1097 1645 1110 1663]
 [ 359 1092 1569 1105 1597]
 [ 387 1093 1787 1102 1802]
 [ 388 1091 1832 1104 1866]
 [ 473 1162   71 1175   96]
 [ 501 1095  923 1117  960]
 [ 519 1110  837 1121  861]
 [ 523 1111  837 1122  863]
 [ 529 1087 1830 1107 1840]]
